9.319620880950036934e-01
1.591490964050031875e-01
7.138154315791718219e-01
-3.085936652210840569e-01
1.208796373737455188e-01
5.289967403263757806e-01
4.131336305886033067e-01
3.261566470665772655e-01
2.339229010068965553e-01
3.636047245339979472e-01
-3.889664838070526764e-01
8.225299259490632675e-01
6.183290583604856838e-01
5.274366502131753176e-01
-8.582529350794544376e-01
2.423063123285842391e-01
-5.077216218262665670e-01
-4.037460949483130390e-01
-7.095268473945770538e-01
2.432276269194593721e-01
-4.834998156175086548e-01
9.788973179839636218e-01
3.185599607256647814e-01
8.264653584732765124e-01
-7.950382254766671375e-01
-5.709934947302911512e-01
9.274083036150868598e-01
3.130363226871254456e-01
2.519790948792145491e-01
-9.227806734946877865e-02
-4.539071015083208094e-01
1.599354265409497211e-01
9.484376140524342080e-01
-7.026371960256317939e-01
7.787249163296502408e-01
-8.450470226169077836e-01
8.201479523640229363e-01
5.513287921813821990e-01
6.452054624311873710e-01
1.569302013792159001e-01
7.446096238567947445e-01
-1.206353997986416848e-01
-2.416712196153238401e-01
-4.060385520209711663e-01
3.614686008348459989e-01
-3.100039561347293082e-01
3.381876665683765104e-01
-1.095714750598303366e-03
5.060111361927167595e-01
-3.788183437685187505e-01
8.124283838950102643e-02
6.273091797094842992e-01
-7.534616153227801094e-01
-9.254988645583024365e-01
-2.914401115616112037e-01
-3.329366425523994089e-01
8.158890163307961352e-01
-8.077467910921565242e-01
6.973028053226764111e-01
3.388788646220772804e-01
8.744381173804720575e-01
-7.228364367468972373e-01
7.412808319964038217e-01
-2.671885606347348396e-01
2.746623581585910800e-01
-8.835061682560738650e-01
5.425534802824514280e-01
3.470752621549364481e-01
1.160312949787626058e-01
8.832815967414356928e-01
9.741521581068954827e-01
2.708337646981143210e-02
-6.094504601476393724e-01
4.563844189207066360e-01
-7.640822312646731174e-01
8.786960650129584938e-01
3.080395369586819143e-01
1.789669823690079042e-01
-1.867783140560674848e-02
4.287130469911529795e-01
-9.200825384837232335e-01
2.512549185518321848e-01
2.159490378003327826e-01
-3.053483721097015602e-01
-3.563857283602300807e-02
-2.665964999354323295e-01
-6.217560841947148420e-01
-4.728998305498544052e-01
-3.174699952180923823e-01
9.812181508163952959e-01
2.342159105634522565e-02
4.195044597698941446e-01
-1.988891880589783445e-01
8.949944863138240558e-01
4.142675482601196335e-01
-9.286518228485691751e-01
-9.176982970876650381e-01
6.735214488307098013e-02
-1.587895780443374927e-01
-3.565836355594292906e-01
2.945985386875497603e-01
4.676182597567228316e-01
3.393398445328882906e-01
3.457973587790132974e-01
-8.422025945166828897e-01
2.980345109537375081e-01
3.063384882572554035e-01
9.482898833051010001e-01
8.442164993419258578e-02
9.004611920482429310e-01
5.675054626842203076e-01
-3.665820409240796440e-01
-5.208747791159054064e-01
-1.590750304769555923e-01
-5.373486394994767545e-01
-9.816778875370032464e-01
4.900292005511970306e-01
4.992968090607341480e-03
-2.387163606901716584e-01
1.966669781581956711e-01
-6.577956654767933564e-01
8.906800524646584227e-01
-7.985833659051455591e-01
2.869944963686109074e-01
-7.452065385376798190e-01
-1.864369517199927495e-01
-6.553495820483643541e-01
-2.063260350404511057e-01
6.401580713152380531e-01
-5.290308172764557337e-01
1.245744165707624307e-01
-4.775358437903511888e-01
-4.074284380629967228e-01
-7.545241848265445972e-01
-7.721182978929657104e-01
-9.682233673006546137e-02
-4.082038420571634241e-01
2.348796548251144700e-01
1.837311838382069962e-01
8.528132860094669310e-01
1.318506339652019133e-01
6.432086217350462265e-01
1.119771696358046187e-02
7.460092101402481246e-01
1.697097875229596209e-01
-3.546720903592120999e-01
1.411795204516598234e-01
-1.226212261665260983e-01
-6.085622570264916931e-01
-9.491319558464398343e-01
7.970641732518120026e-01
7.889444661521038960e-01
5.713059266023929883e-01
-3.785323269261419155e-01
-1.904427415351765407e-01
-4.742985098485104078e-01
2.823302378809371960e-01
5.187859054338203046e-01
-2.425407013456740146e-01
1.290287437783853575e-01
-4.438935802738284697e-01
8.286414212778737687e-01
1.201084754943593236e-02
-1.713421078509939632e-01
-4.301357374330891381e-01
5.835306057732638774e-01
-4.231513480208003997e-01
2.546237016266303388e-01
-5.494581697811149468e-01
-8.655320753036699344e-02
9.584068496223454581e-01
1.996239478439122972e-01
-8.056850465963711905e-01
-7.198017525932660643e-01
-1.027632321552900962e-01
1.411554989454228415e-01
2.706692147850875418e-01
-1.370573264414808312e-01
1.002821773173782072e-01
4.916839566467745559e-01
-2.098273179439318348e-01
5.622520324509573397e-01
6.782644791044207810e-01
-5.024793462225776164e-01
1.947345392900715344e-01
8.889373551289587727e-01
5.079588312478933165e-02
-3.372691544054147172e-01
2.702995369529246350e-01
-2.867860623348870153e-01
5.050054457123217544e-01
-9.892842960132339769e-01
5.763656938953529707e-01
-6.274556941847428959e-01
3.053598172941757172e-02
5.394061815166840690e-01
1.479334475306148811e-02
-5.597101828240078625e-01
-2.515668115967419904e-01
2.500245697420470092e-01
-7.524453128738359808e-01
-9.773768520299946916e-01
-3.859100055819741915e-01
3.625920060211977325e-01
7.938147213803679048e-01
7.868583759644223186e-01
-3.392030325682695580e-01
-8.789352664454099795e-01
-2.113410488516570540e-01
-3.290334957418750150e-02
-5.323255355069774625e-02
-5.825913135400639931e-01
-1.457225509945445641e-01
4.847231911972246232e-01
-2.889360057944861393e-01
8.278257403382605073e-02
-5.078258599594592804e-02
7.575727344395000173e-01
8.364109727916271275e-01
8.325464123345389655e-01
2.685119410812999430e-01
-3.747729679106186484e-01
-5.833639266523431566e-01
6.966793265521987744e-01
2.632175218764096769e-01
-9.029327019469924887e-01
8.064986923287859044e-01
-5.749307648767592038e-01
-4.135023793730253638e-01
9.736251267514839380e-01
-1.200006556251966838e-01
2.322224160063520171e-01
-3.995684599073179299e-03
1.705444836279493559e-01
3.848646506134066891e-01
-1.184752841880967189e-01
-3.617961399387896737e-01
3.378134454807208975e-01
2.226344724378951367e-01
-6.982887668113451074e-01
-4.613505123518213402e-03
-8.404668648509430184e-01
5.660946682835438226e-01
-4.920508069173699095e-01
1.724309167471045900e-01
-5.481355765659323698e-01
4.591225736242462441e-01
6.900596092638633383e-01
-8.722088859484542489e-01
-7.120952382376625200e-01
-6.726052002850728684e-01
-3.152942435598745652e-01
8.810476014102541775e-01
5.772395184887636477e-01
-8.667550594219426419e-01
-8.782966470382532753e-01
-3.120766780859896006e-02
-6.448126725100424839e-01
1.327680365864819523e-02
7.297020597422707588e-01
4.117406974802748643e-01
5.899939550272305100e-01
1.171240073712568608e-01
3.017616166209790007e-01
4.096451583773947358e-01
