-9.559819804873480598e-01
8.969112443189828365e-01
-6.274670761687088927e-01
2.218072999310459203e-01
-9.107223493272462722e-01
6.428881225532316890e-01
-8.024053039833749512e-01
-1.585775976542870280e-01
-1.898602221451539673e-01
-5.384027754246712982e-01
4.360771188324336634e-01
3.000995990136553493e-01
-1.991303845453932797e-01
-9.488619516180902824e-01
-4.639478069802576710e-01
5.217385935406525510e-01
-1.252940266432388261e-01
-2.995765889561513018e-01
-5.861981704445251573e-01
-1.720065931840368267e-01
-3.579201166579247806e-01
-3.020752125052513781e-01
7.060394561470324515e-01
8.052491461451105614e-02
1.438727576877741332e-01
8.834531641463103657e-01
5.418414462810494658e-01
1.174643989729610705e-01
6.263941992307678897e-01
-5.502090223252065204e-02
-5.289623073554106103e-01
-2.174256281206874697e-01
-5.633713162316595913e-01
1.574984743855248892e-01
-7.115295659393034988e-01
-6.342271410326199010e-01
5.932867579455742835e-01
-8.710116260418878653e-01
-3.792271681174017584e-01
-6.942379883628053694e-01
-3.131465153262223966e-01
-6.300302385815453876e-01
1.807820916461633926e-02
-5.668104327235008455e-01
-2.088490622396420582e-01
4.560583651409623185e-01
-2.688364851557989432e-02
-9.083529143177112575e-01
5.748890893159461779e-01
-4.760277782213334641e-02
8.903014854236745990e-02
5.161761831952393909e-02
-7.009532129738785811e-01
6.104351614600460607e-01
-7.140528870224263081e-01
-6.403886592604498551e-01
-9.768841708778843724e-01
7.264887292022637055e-02
4.291608182271577365e-01
-7.162367460198019176e-01
7.859706046522507705e-01
-2.552651558426760059e-01
-8.867465513948420419e-01
4.137344439026956477e-01
-8.350685382748510022e-02
-5.833173980349916077e-01
-4.969228003512212721e-01
-5.098049248346587792e-01
-4.012766938710454201e-01
2.406444090276668168e-01
2.666980007855151991e-01
9.661859183928241945e-01
4.489910278775950392e-01
-3.614226440799266915e-01
3.060700508096358963e-01
1.449207240672116814e-01
4.529354962268464235e-01
-9.114183890110074682e-01
-7.180136657240501208e-01
7.703308550019397627e-01
-4.170067284070550495e-01
-2.389270006366100985e-01
-7.444736730499668109e-01
-4.037525433223774773e-01
-6.471411833384077550e-01
-8.468662827669573012e-01
9.171402581063043957e-01
9.307464196405516033e-01
3.287585286828033082e-01
-1.485312004266070574e-01
4.848030514775933941e-01
3.532341844833449818e-01
-2.239545811129843578e-01
-1.096939008747969679e-01
-5.929341216551415883e-01
-2.296901878630766003e-01
7.963216114536193491e-01
6.715657982535654380e-01
-4.028648440656508734e-01
4.674282702358892316e-01
-1.570284880566642227e-01
6.774859086066556957e-01
2.511302526396451684e-01
2.461141584489766609e-01
8.118681330931382112e-01
5.978446759567951352e-02
4.587708727333872361e-01
-6.095245033082858921e-01
-8.167071483981527269e-01
-5.812244930268308796e-01
-8.009985629410873997e-01
-6.746505143982175490e-01
7.080402900421198797e-01
6.619400808413078430e-02
4.813627563014701849e-01
8.012815778112843124e-02
-8.523119354123240288e-02
1.054049891246504611e-01
-5.065229111004141416e-01
6.248003793049786703e-01
2.776794013429020325e-01
-3.464995489065985090e-01
-5.384038141355325102e-01
2.750941131989479427e-01
5.716683362757208897e-01
3.828803498053026111e-01
1.128911228639992714e-01
8.765547172653281871e-01
1.822024057636087990e-01
3.481797393593129009e-01
-2.023235406782354362e-01
-9.181233876347979495e-01
1.233467800462513253e-01
-5.592020998114467512e-01
-2.538115284928449400e-01
-4.584361902574425329e-01
-2.231766604523379993e-01
9.810197209270782315e-02
2.751551622591646984e-01
4.828883392706273536e-01
-5.378570160862802263e-01
4.882313306400813957e-01
-2.749028616093691646e-01
-6.733313613039657586e-01
3.540787837066898813e-01
-9.335240595776281847e-01
-7.234953543316055002e-01
1.404238852278258398e-01
4.088405641983924310e-01
4.436790432185824251e-01
-3.572372131876773160e-01
4.078937826601662930e-01
2.018388840830974973e-01
9.935051816319505624e-01
-3.568801785230203416e-01
-1.117254774002067741e-01
8.066847234922922549e-01
-5.820572732068006461e-02
9.529870605422112728e-01
3.790670057698751760e-01
-7.681195914873847896e-02
4.486103897034862675e-01
-8.719443576145957664e-03
8.090008593562503236e-02
5.796432998352059052e-01
-3.024914424401692337e-02
-2.033961744587449161e-01
-7.718150830646836047e-02
-9.015650263923129515e-01
-9.286468722846494828e-01
-6.830512277694622547e-01
-6.179021487311071592e-01
3.807441922626939590e-01
-9.404921103929182458e-01
-3.783692659183500728e-01
2.268337239361200575e-01
-2.362084323535988961e-01
-8.501139051018843373e-01
-9.421824614060309022e-01
-6.533027662924283385e-01
4.767420443348049236e-02
4.606241265755039310e-02
8.221404435173892411e-01
-3.627519206683207931e-01
3.626586539716230018e-01
-1.189494456817448143e-01
3.900534151140582773e-01
-8.529285298290825712e-02
-6.147401506619383227e-01
3.646060727190053030e-01
3.614568941220909215e-01
-8.105826990375617491e-01
-8.052370412679232814e-02
-7.595674986630990277e-01
1.937515401121192582e-03
-6.617902722543294036e-01
-9.529971208353725798e-01
-8.209617816379682909e-01
5.089902655918010499e-02
-4.324850464091084534e-01
5.735793650326077575e-01
8.630064398054262398e-01
-2.257298061328782413e-01
7.099583533599138629e-01
-2.654339517786092895e-01
-3.693117965142284076e-01
2.034027856808307000e-01
3.881238784715335122e-02
3.139747573674822045e-01
-7.859537539586229915e-01
-3.559739676677749487e-01
8.219550258715725422e-01
-3.927734765514223625e-03
-5.687369906919950702e-02
1.340627515520281116e-02
-2.528780975519059893e-01
-9.097309425808339789e-01
9.533598064954424967e-01
-8.037813387771068907e-01
4.043148957926510079e-01
-7.090877907670493085e-01
-7.645352420948912098e-01
3.247958265885296791e-01
3.530978440451151834e-01
-1.953147156391651929e-01
-3.738249490697734267e-01
-9.391257267983181833e-01
-7.359379475161644812e-01
6.677743815152619167e-01
1.724060892382048571e-01
-9.558500013553606900e-01
-9.577492291482370135e-01
6.403102956921017386e-01
-1.479940204182253749e-01
2.476433535290544774e-01
-8.618371987925593780e-01
8.923843319323188084e-02
4.119787780037585945e-01
6.066801250113104116e-01
-1.829337186781959668e-01
8.692870385484948725e-01
-2.439207228177909803e-01
-5.691689412791876013e-01
8.023687267821755231e-02
-9.346057925212924999e-03
-9.926393765075047781e-02
7.055093325259627068e-01
8.625058413160194837e-01
2.215652083055888177e-01
5.204753882384459684e-01
-6.282400849093885409e-01
9.868976130244133671e-02
-4.557240414207309742e-01
4.809198774013985211e-01
-1.919727074925849930e-01
-1.981911920881254952e-01
-5.328227888255174793e-01
4.069326397752683344e-01
9.775381066369231986e-01
9.963454411328475091e-01
-9.760025817453806818e-01
4.945866334352766458e-02
-3.146890118811805914e-01
1.331966950199723332e-01
-1.966059701129051207e-01
