-1.909638289099110375e-01
-7.624791410359521571e-01
-6.195443181377514597e-01
-6.104775798870373249e-01
7.500122250002752011e-01
5.176483033330622208e-01
7.880503775671028333e-01
-1.275736829832723185e-01
-5.182734570271007035e-01
4.329362532605866010e-01
7.749222418326043860e-01
-8.759101417479391305e-01
4.228184993791134771e-01
-8.541713418952620041e-01
-8.478488844936503677e-01
-6.959365089658997583e-03
1.947045320910279487e-01
2.731353149954256487e-01
-6.215864689513596053e-01
-6.813593018154456837e-02
6.804855801425669926e-01
7.015346707327068110e-01
3.638312639055506503e-01
8.448883138071019427e-01
6.455644374051905388e-01
2.090285523937586432e-01
4.157383908665037708e-01
-6.458337950276514805e-01
-5.564075143606861396e-01
-9.224631625409711599e-01
3.071016571624662905e-02
-7.168652567809570275e-01
8.044537452298252678e-01
-3.972830830108887712e-01
-7.335899475207534604e-01
2.519854731519811097e-01
9.789117626139837158e-01
-3.789321590176996657e-01
3.190917371429362326e-02
-1.653382196382249258e-01
-5.081983978257390566e-01
-6.364513672719975812e-01
5.757061641603746782e-01
9.368190742836720597e-01
-3.501841274541897531e-01
-5.461261380386878139e-02
-3.594810600706914716e-01
3.127329174049735538e-01
-5.369774769505279988e-01
-9.054154653643006201e-01
-2.648976132739748746e-01
5.054951915956344966e-01
6.990062385892790164e-01
3.050836612196172748e-02
-2.142857678246543607e-01
7.283538600412332586e-01
-7.111667568880586376e-01
-8.336670850522185372e-01
-2.315908557365613518e-01
9.963447236997258205e-02
-2.570716943939744814e-01
-5.406866148109085168e-01
-2.831811717846437482e-01
3.590277569344949016e-01
-6.459496697811935029e-01
2.069800117191694100e-01
-7.424995049384008894e-01
-2.028828691428088415e-01
3.164877475062156664e-01
-2.479529669707734585e-01
9.222122484246237928e-01
7.320121013406338806e-01
-9.527016796100680196e-01
-8.773735534701776473e-01
-1.582060251523420558e-02
-9.747654116540008795e-01
-3.098650975348345993e-01
-3.391811690920135125e-01
3.107340670420285500e-01
7.123013142825787014e-01
-3.515977126204561376e-01
-5.223086149650707499e-01
-3.959743419355643557e-02
-3.198704946283513206e-01
4.972845248857281075e-01
-3.317768890197375642e-01
2.457541242567668760e-01
6.592059422484622955e-01
6.844447192678924097e-01
-5.399178454376533098e-01
3.765729762569446359e-01
6.884435377480840890e-02
7.712908302519780879e-01
7.487264485354475640e-01
-1.182325849745456958e-01
4.751528592231533121e-01
2.516956522002620697e-02
-4.633403874751668150e-01
1.905353284354238674e-01
9.180929858908049024e-02
-8.881409895815138844e-01
4.365097646050722924e-01
-6.363537310881270948e-01
4.469160964706428429e-01
2.406738647049472546e-01
-4.549054589132413007e-01
-2.195559345877949875e-01
2.126042650996352174e-02
-3.647156292802444799e-02
6.989100343847770569e-02
-6.518562750400597183e-01
-6.328904193963426073e-01
9.010153646558529683e-01
-3.114629906770804979e-02
1.187779111819695643e-01
-1.596449329649944349e-01
-3.166883449660464755e-01
-1.410459280944766358e-01
-6.604966708754494986e-01
-8.184183195058131188e-02
3.945750052248446771e-01
6.918427097796527869e-01
-9.061477579066620214e-01
-6.646572857977882665e-01
-8.905020178718248136e-02
5.871271994166651353e-01
-4.050795307372849763e-01
-3.857262976762071416e-01
2.338362485931954060e-01
-9.757064235593529977e-01
1.285632243588290813e-01
6.483555043630064851e-01
6.224922824837794133e-01
-4.204721012924171886e-01
9.446416882659643965e-01
-3.016907886263637817e-01
-2.461014385738907462e-01
-2.495299044113349907e-01
-6.022202181436218105e-01
-1.888562443933521073e-01
-5.159375615274068849e-01
-2.453994462440895474e-01
-9.923883775945736563e-01
1.906801468977363800e-01
-1.234822240137122273e-01
4.368452091873978871e-01
4.665509761824981894e-01
1.973659784504386283e-01
2.933463176966000230e-01
-3.932567741837152409e-01
5.339612259009498541e-01
-7.949424563178343339e-01
1.016013130391198449e-01
-5.318519232477536551e-01
-1.223882241372168667e-01
-9.727073193372792748e-01
5.871113788499916497e-01
-6.190031061515348654e-01
3.109599376665288517e-01
-8.253655964244782650e-01
-6.310807128328552729e-01
8.876169898347683329e-01
-1.514110381657160498e-01
-4.654953419166630302e-01
-9.874277733688407999e-01
5.668481771829381177e-01
5.029162941802618469e-01
2.148672351692584304e-01
6.152734825343852965e-01
2.112782626210712444e-01
-3.114251025382673843e-01
-8.091867898677895798e-01
-2.949802004581214554e-02
9.066043064100759441e-01
5.451103634622594951e-02
-1.725940770632694021e-01
-1.993669854744162806e-01
6.688826685203989042e-01
3.660435280935482316e-01
-3.168922759319430238e-01
3.077136476357982819e-01
-4.147631717192523659e-01
5.400843949972777835e-02
-4.600360856838486279e-01
7.454558926387602202e-01
5.102992323240004291e-01
-2.818221062273093547e-01
2.414319084954830164e-01
8.413998516619402013e-01
8.006254286335068304e-02
-9.287492942422447273e-01
-1.440970387031927924e-01
6.546337848230805445e-01
3.757554040076656054e-01
-3.258358971565854523e-01
3.766156818731611344e-01
-8.963908570501689654e-01
-2.935215928044112577e-01
-2.303000336096158451e-01
1.744217604176714898e-01
9.632597228803956302e-01
-1.702127793119248556e-01
8.772041615121798364e-01
-4.995681921127835823e-01
2.729660005186390626e-01
-2.488056055065179795e-01
-9.399114499914280607e-01
-1.630016126384248865e-01
7.482999491341926213e-01
7.572416611800787400e-01
3.363628638064225518e-02
-6.675643572768785727e-01
1.036458296234224474e-01
2.694215508120778590e-01
2.632223310943587746e-02
-4.266075266252707943e-01
-1.421183237062796367e-01
8.637986621653318542e-01
-6.571814520865545406e-01
2.163811352069388572e-01
5.581843696342342342e-02
5.474794967161140669e-01
-1.024358224679325913e-01
-4.533674853208502498e-01
6.126579119804781426e-01
-3.515929904187824473e-01
1.625829532485737472e-01
5.380358202832191683e-01
-1.245069986767693843e-01
-6.544824775916766035e-02
-8.633005224599266114e-01
8.639455193460983118e-01
-5.061816678928687807e-01
9.841482997227577467e-01
-9.495192709261357500e-01
2.229844599190861920e-01
1.892589521752670034e-01
4.129636189939867585e-01
8.208397653888731549e-01
-6.768214260888405498e-01
4.833288076118063548e-01
-8.968122653056775917e-02
6.067923320706325452e-01
3.924100591747817779e-01
6.550888662877564217e-01
5.593114454975001149e-01
-2.052082765939540199e-01
-2.014452149134756676e-01
-3.044912818252374920e-01
5.157107872069660592e-01
-3.865369990588488069e-01
8.268918888027629865e-01
7.862205091777337840e-01
-2.182989176037867796e-01
2.085128626510733552e-02
-2.630601349851222071e-01
2.985126581361459142e-01
-8.133069923436972992e-01
6.922703579822486741e-01
4.021014056610673348e-01
2.160454931933034062e-01
-7.381863091494339502e-02
-1.291482172460461930e-02
-8.949472876831837675e-02
-3.323848444430119176e-01
