-5.568862667321199389e-01
-2.691050183524523742e-02
2.292844640539271062e-01
5.367149080066266897e-01
5.411174859782552637e-02
-2.262464140394720435e-01
5.238528307023937458e-01
5.929729029926248396e-01
4.544962501061968752e-01
-8.378775398793082418e-01
-1.462415056079028330e-01
7.330787382676437480e-02
6.083454228536343544e-01
7.095470222678699201e-01
-1.881754464062768140e-02
2.957535084494914424e-01
6.970795912730523014e-01
1.917855213081705035e-01
-6.780828047414809712e-01
7.946676381165544978e-01
-6.724391758021199816e-01
-8.745036834735403497e-02
2.118105217381402450e-01
6.360920863312190532e-01
-6.437717739121926463e-01
-2.575492019807958388e-01
3.277019809421566343e-01
2.689714895228408897e-01
-7.988346790487521609e-01
3.907731742127109054e-01
6.749525827399124323e-01
3.244340704415893395e-01
-9.435322434520105883e-01
-6.260281977836621436e-01
3.634552961514171399e-01
-7.504346840102593674e-04
-2.423996267562937845e-01
-6.851692540288083499e-01
4.676984059467722554e-01
-1.663577565996616769e-01
-1.528584836505527123e-01
-3.294892010222048584e-01
-1.919881544353810587e-01
8.266334217552063768e-01
-4.013674296740466496e-01
3.025155043398370935e-01
5.126147961080489424e-01
-6.651133208395805241e-01
3.840401186902954178e-01
4.829079308225064926e-01
-4.349080947968083644e-01
-6.156633808633147353e-01
6.318676400274647609e-01
-3.987841222285437026e-01
2.362955728671954636e-01
5.220101054925160300e-01
-2.605269168555299775e-01
3.732301630650933788e-01
-6.415580252043715515e-01
8.289460315237202614e-01
-8.702283028389146136e-02
-3.971787417498050532e-01
7.052552707010248945e-01
-6.541446617343776859e-01
-5.845923796524821192e-01
2.439863429384999116e-01
6.369042514056216797e-02
-7.718299333068259216e-01
-2.765011488022671715e-01
-3.549275415931618660e-02
-1.525840096641145061e-01
-1.809944058547735546e-01
3.776385530234567800e-01
-5.746410513701285527e-01
6.963488865010092344e-01
2.370364576589513717e-01
1.572121236341611494e-02
3.893144871118763284e-01
5.833551356081916328e-01
-1.860033022073809272e-01
2.492785832559065717e-01
7.074143592780880452e-01
-4.320097090007765095e-01
-3.811417250545003355e-01
4.010458332308582952e-01
2.617694370739575005e-01
-3.770138153356392685e-01
-8.737956508730390093e-01
-5.400100439747131942e-01
6.757476673487544661e-01
-5.624704748031439383e-01
-2.533407244571478367e-01
6.070699856371962744e-01
7.967322892296262449e-01
-5.888155140885327210e-01
-6.218595868772507362e-01
5.508482100474213494e-01
-6.081581436501917182e-01
-5.332975330211706666e-01
-5.200331133115615456e-02
-4.604797328844006388e-01
-4.173467273679237199e-01
-3.878667925599306177e-01
-7.208339711560379781e-02
-5.355697903078582289e-01
3.228944350068278096e-02
8.574992199340492061e-01
3.580631625743438962e-01
6.343401300460171921e-01
5.584450242654002139e-01
5.454129200813249145e-01
-1.656367152629882322e-01
2.846683457994597655e-02
8.898319751934324895e-01
-3.340208886585138703e-01
-5.466552705325822270e-02
-7.973506394989150481e-01
7.788599470278362302e-01
-2.310927966161222258e-01
7.027200714941610471e-01
-1.551973330629391468e-02
-8.727898763913158886e-01
-2.837126568629381729e-01
-7.323628691825915249e-01
1.848338490314033189e-01
-2.412798731737307301e-01
-7.193430220237724271e-01
-9.881946285056976143e-01
6.918314945074404143e-01
6.021380951273979099e-01
1.206254509273346209e-01
4.434391479567288963e-01
-3.919495415156765139e-01
-3.982530426287764214e-01
5.188091641402003962e-01
-9.284022091837490498e-01
-2.291859354668979165e-02
-7.636230293997756657e-01
-4.716544517097822631e-01
3.602415940823730511e-02
-2.991302950768759406e-02
-8.175850974022226270e-01
-2.846810290484525496e-01
-3.035543654168235128e-01
5.954405126175178475e-01
-3.089833346984139362e-01
6.779094431724972392e-01
3.108185398267988564e-01
-1.994629094771027678e-01
8.655605156465735472e-01
2.510079624712989732e-01
-4.512502290911835079e-01
-3.012498945438920050e-01
-9.405425580948603148e-01
-6.193070998302665497e-01
-7.216755516578093888e-01
3.783526444610324502e-01
-5.644554368990444271e-01
4.978231972764035618e-02
-4.198212226574870032e-01
3.735025006725682939e-01
4.846870258955979782e-01
3.290852004111740614e-01
5.138280835386175305e-01
1.796907134981570731e-01
3.529460530812473795e-01
1.367294436641933175e-01
4.691063806640759504e-01
-4.791152615583521568e-01
-6.737622578454288691e-01
-2.470785695032190199e-01
9.106887645498558115e-01
1.456545874714541555e-01
2.765486133839661909e-02
-3.441965938377761769e-01
-6.021322553462906679e-01
7.988229356355448507e-01
-3.899280526836951255e-01
-7.755406159274966793e-01
-4.925601295674089108e-01
6.946942633386123944e-01
-7.481913744484541828e-01
-9.292098868693700053e-01
-1.291358101035858796e-01
-4.246803247496596101e-01
7.797593867767902420e-01
-1.122699395041030779e-01
-9.963882701979873691e-01
-1.824436862670902881e-01
-7.215250082446076352e-01
1.284402727355146157e-01
-6.643207257329664106e-02
-5.011030489415948530e-01
-4.886049976648298987e-01
-5.966571640499117590e-01
-8.382164017667818878e-02
-1.317515150963706749e-01
3.158700342845104370e-01
3.429732849857800026e-01
-8.101970341077316951e-01
1.788024512906655206e-01
-8.836859909820491410e-01
-4.271184438249072679e-01
-2.155131649732183741e-02
-3.965240447277285085e-02
-2.337841179678750436e-01
-8.675112682574298573e-01
-6.163650012317112292e-01
-4.634301453713144392e-01
-9.240791026712608103e-01
-1.895083155341342196e-01
-9.515684566253449495e-01
1.380575450228681555e-01
7.468709585368015214e-01
5.306608974925014488e-02
-9.995976665679757733e-01
5.362677003049135527e-01
-6.874045821745096152e-01
8.505557047336874676e-01
9.967801275460732580e-01
-4.702004857081367728e-01
-7.486375133514953095e-01
-5.679152683508298383e-01
7.879994414506903411e-01
1.543101203383128728e-01
4.717419480289904987e-01
1.858742908450697895e-01
9.553866201775063072e-01
-7.869464573801517870e-01
9.797753866253354760e-01
5.891969430780891193e-01
5.569447330157987208e-01
3.016391461241030858e-01
8.240484103714876829e-01
1.622998719757905439e-01
3.550198734914159493e-01
3.591272989178585506e-01
-2.746259262337372165e-01
1.963401141415788143e-01
-6.658243108074777261e-01
-5.097413594677940862e-01
-2.683075645855370617e-01
-5.545754649877167042e-01
9.324253191422837705e-01
-3.175840857090825864e-01
2.074125698652468097e-01
3.491654576146741018e-01
5.922833473935790183e-01
-1.666686762847147119e-01
6.644521816078892140e-01
4.240079758914084840e-01
7.049109579873314990e-01
-4.620133732343156829e-01
1.146344152019704021e-01
8.092298723902201507e-01
-2.524915629022345120e-02
3.425424630478675070e-01
-8.432800848689100404e-01
7.769669263332745768e-01
-8.070529150970158216e-01
1.913039601621602248e-02
8.645282686596214017e-01
1.809522069315789294e-01
9.663058605606376916e-02
-7.828462440663264132e-01
