-5.990732422559882364e-01
8.867635237111282098e-01
-4.481785678167427012e-02
3.144059923428399461e-02
4.792935862896092747e-01
6.758417295843909267e-01
-7.485837265580209954e-02
-6.008136190953066169e-01
-7.458616516609791747e-01
-7.066544571541544251e-01
-6.750056312563168515e-02
-8.774647429913789987e-01
1.542901345084334297e-01
7.197141136847894360e-01
-7.257779320617883112e-01
3.988113424583736855e-01
-5.749088330624598786e-01
-5.336632666512775014e-01
8.271132469629502992e-01
-6.541529064780636782e-01
-6.449725628559319635e-01
5.601402401699506761e-01
1.969103465539049358e-01
-9.538920372220283106e-01
7.543416651431661402e-01
5.330091315842243604e-01
2.829347503769663041e-01
-7.576102318793183354e-02
-3.582733573186760445e-01
-9.628867153495196396e-02
3.258237347812567020e-01
2.091923156396933714e-01
3.260254765120218501e-01
-3.840942640480223269e-01
3.440251794618556236e-01
7.994733018621569265e-02
-6.899892489505596860e-01
5.002737055481349948e-01
8.358500476355643638e-01
-8.015628166099747487e-01
-2.918331410544555138e-01
8.918964753266106493e-02
2.509823222019255118e-01
-8.550298635001635228e-02
7.514649186326473052e-01
-5.009824381465002308e-01
-7.831103094332279024e-01
-2.093046232283135577e-01
6.200763503072028726e-01
-5.695218258017431534e-02
-6.496284554418713109e-02
-6.742671019920518649e-01
-7.754403538133780582e-01
-7.261821367161336305e-01
2.726876961094726326e-02
7.265703349945407119e-01
6.352191113738792083e-01
-9.942064233440242593e-02
2.806124148936489648e-01
-4.750286554589983057e-01
-8.463233698919038206e-01
-6.190223768564937501e-01
5.402177288008860323e-01
-5.324223438444024570e-01
-4.822347788391287970e-01
-4.745548647698116795e-02
-2.430067859685791087e-01
1.977403049501691434e-02
1.363292449184267396e-01
-7.809912527733553489e-03
-6.562950501228755895e-01
-9.746116926526228186e-01
1.653609399951995185e-01
-5.585648337350850312e-01
6.731766386329771645e-01
-4.132088592324273391e-01
3.178733737590211383e-01
-3.075255949849981518e-01
-7.278492926952785380e-01
5.284030983233718448e-01
3.059405087400381418e-01
8.082575269325985579e-01
3.032107754068253946e-01
-9.331706619783727286e-01
-5.212544738049444959e-01
9.225449064557655898e-01
-4.204430457725383263e-01
6.383189379116971374e-01
-7.755360914872975187e-01
-6.796746778567507308e-01
2.393966891928452356e-01
7.004209733273724092e-01
-3.692054099204400419e-02
-3.977421498489249752e-01
-2.467448197653122621e-01
-9.858302494976249886e-01
4.686324566412977122e-01
-2.695188101003405667e-01
-4.367194193083288600e-01
6.299820314097426266e-03
-6.666990035358482114e-01
-9.725324431720246965e-01
-7.745315904968678167e-01
1.067338175184873728e-01
-6.836798677348593367e-01
-1.715557895004374278e-01
-7.258031150002965948e-01
-9.968671199457268539e-01
3.891970477141147300e-01
4.367217219900362823e-01
2.707692976316282696e-01
-1.115911887448481632e-01
-4.824226494196908188e-01
3.869162856942841566e-01
-6.763251981937470347e-01
-5.634879057243686873e-01
4.254910170937031832e-01
-4.753271195766015089e-02
6.532282029802531920e-01
-5.162916151479344240e-01
4.982970821612407453e-01
-4.097514755741515913e-01
8.979225633282347241e-01
2.384288011821796283e-01
-2.189480745103888348e-01
-2.789542378524937916e-01
-8.583040984685261776e-01
1.584065835809910783e-01
8.640446784676170111e-01
8.617946372521136933e-01
1.068568752465137162e-01
9.548232658764392866e-01
-2.900664920655711132e-01
-3.818337587092393570e-01
-3.239320573340816467e-01
2.176978607357233364e-01
-2.137908341656366007e-01
3.883529961697402832e-01
-6.417700608207997925e-01
4.218603509999226953e-01
-7.488965805854472801e-01
2.540777834340328667e-01
6.334700852633581292e-01
-2.547107102546852797e-02
3.853488246908742809e-02
-3.172823950648075986e-01
8.631897933453925864e-01
-6.464634541040874538e-01
-2.943945279454571740e-01
-9.556062241733581653e-02
7.420699127983194643e-01
-5.530523957707731419e-01
-1.374308280872494348e-01
7.990222969909910322e-01
-3.342113504085938436e-01
2.720991696938721005e-01
-3.367127545855805870e-01
-6.493568847941912914e-01
5.313739114972201305e-01
-3.663723165650947244e-01
3.703293079752876249e-01
2.743746810148132154e-01
8.238990404609910501e-01
2.215073811860142905e-01
-8.049896015055287846e-01
1.897774927190015726e-01
2.592681403298181531e-01
6.217358802348046387e-01
-2.542468367721698042e-01
2.997398245078579104e-01
-7.646002865166532381e-01
6.133328783174204490e-01
8.218739455255692494e-01
-4.382181541698884075e-01
3.301888903014608689e-01
2.808589411839840788e-01
9.913942821710868269e-01
7.965099655730526473e-01
-3.076188265005797007e-01
8.536843846863026442e-02
7.045372304905437311e-01
-5.140347181816199429e-01
5.290555643247780715e-01
8.990969311344441106e-01
1.158114347513027331e-01
-6.066444697344152148e-01
-1.660402290570810457e-01
3.274918814531752043e-02
9.865777728794724588e-01
-2.252451821231070683e-01
-1.166940557604515816e-01
-5.958012021735152874e-01
-1.919980875536293485e-01
-4.443238401065127685e-01
9.563506272372539474e-01
-6.487477436047142110e-01
-6.302712000243049228e-01
-9.276117653001112462e-01
2.444904561620886985e-01
-8.521935740834321038e-01
-9.093501648290001904e-02
-1.081573130374130498e-01
6.247875067416108763e-01
5.760012826562004307e-01
-1.519916000178082593e-01
9.727492601428355812e-02
-4.047238174823499790e-01
9.969114824949818487e-01
6.291365581484174019e-01
-4.933247929039413227e-01
-8.512536241852064478e-02
2.234390889888052678e-01
-7.633513346103519837e-01
1.122788662458861220e-01
-4.233683719888385877e-01
-6.312298531732565277e-01
5.530490953866314952e-01
2.507691056386312511e-01
-5.250072556337941343e-01
-4.641807345145788910e-02
-5.124358414358827218e-01
-3.569032930638324497e-01
-5.747911466871418185e-01
-2.291162375049890509e-01
2.356586983710010630e-01
-2.217430696236515342e-01
6.037558688367080650e-01
-3.375050667710552399e-01
8.721150030363646888e-01
-3.815284187360676871e-01
6.337885446814861545e-02
-2.439071657626307732e-01
-8.802740613279327331e-01
-5.590018491709481951e-01
4.491571569688628252e-01
7.414914025262930863e-02
-6.613697478314106704e-01
2.194128836282449591e-03
3.513262552548949147e-01
2.363461213922884441e-01
-1.671640655465783942e-01
-9.436508834974046689e-01
1.821363037959413678e-01
-3.694297166545690292e-02
4.358678138689052739e-01
1.446142994407579874e-01
-8.820806049451387909e-02
-7.569878137010821462e-01
3.360833638193344575e-01
-8.971904888292799862e-01
-2.047817626184678386e-01
-7.193580863349967602e-01
7.317068218094899823e-01
2.848562555292991627e-01
-5.768481863863217374e-01
-5.360433186879447476e-01
7.873477131468166190e-01
4.682712092427771533e-01
-8.814328716720075674e-01
5.478327084693915827e-01
-9.054584173744009146e-01
-3.431815549269020549e-01
6.546760550428478709e-01
-7.316203202953848184e-01
-3.604411702120709216e-02
