-7.229948696902086525e-01
6.188068090001130894e-01
-8.148996144563475097e-01
6.889738289870339649e-01
1.514942306175143250e-01
-1.493080863943543335e-01
5.614710483676155217e-02
-6.246518229208785078e-01
8.678889370788531177e-02
-1.160589220317145287e-01
8.671567625207794450e-01
-6.316173447670376806e-01
-2.071054053234382963e-01
-5.413073443821672104e-01
6.391835215449181984e-01
-3.365665638877272103e-01
6.219393982261531839e-01
8.166597689474788258e-01
-4.393704897261806464e-01
4.977868065993676927e-01
4.556805322991608342e-02
7.552602903615865948e-01
-7.444445646711950193e-01
1.258168161528047113e-01
-5.963200750065036360e-01
-1.842552349941954937e-01
1.695471210834387232e-01
-5.288114979098645918e-02
3.268164602306695699e-01
9.626401279921169563e-01
-7.975693387009252788e-01
-4.003576901080803108e-01
4.430239974273521009e-01
5.564337357717130672e-01
-3.407029792062570839e-01
1.105402654310733146e-01
-5.756086736250816127e-01
-2.699909247652163002e-01
5.031080930962187336e-01
2.825029046518369169e-01
-5.110719389564137849e-01
-5.028468238795174017e-01
8.345950108486457353e-01
6.872828283004550620e-01
-4.066254599314637064e-01
4.921999184624090140e-01
2.390129131893972136e-01
-8.356031748757555278e-01
-2.182032154580537675e-02
-1.117282895721728453e-01
4.899451339096694280e-02
-9.985434165146129804e-01
4.944385521582773668e-01
5.487184185227815814e-01
7.243480913532752696e-01
-8.111693849812333657e-01
-4.042101101445525480e-01
-7.414067783594548988e-01
4.108604322024014266e-01
-3.560610559216209614e-02
-5.545738248070368748e-01
8.720609771204079763e-01
-2.035529318648212627e-01
3.996154055718684761e-01
-7.851140680107628889e-01
2.518737295383184360e-01
7.669181204267949692e-01
-8.587990008800655550e-02
3.513182584558185440e-01
8.969958309403642804e-01
-6.283027899615940548e-01
-6.858564794226860162e-01
-3.732481258241436839e-01
-5.030678600823179636e-03
-4.284817073668109044e-01
3.928927630824396999e-01
3.778730109407585913e-01
6.218736257025662129e-01
4.459853731582134606e-01
1.585561179729066406e-01
-2.112141485092542403e-01
4.114121814169965918e-01
5.353107272909074510e-02
4.344182943870738001e-01
-8.117917966579137889e-01
2.077719860577710298e-01
1.493807429897575645e-04
-4.976478750451007182e-01
-5.153133946379396813e-01
-2.673900592678117860e-01
4.826039731411837508e-01
6.437499933226781268e-01
8.803406583697197529e-01
8.371997501262180563e-01
-8.916416258355952529e-01
1.386781614738699098e-01
4.358073068041705689e-01
-5.317283007979822784e-01
8.779533320617456393e-01
7.547266092428916995e-01
-7.364949615858304988e-01
3.620679141630492315e-01
1.287675466932314272e-01
-7.537870466029796823e-01
8.410925398428461541e-01
-9.826386380330838222e-01
4.834201450554029833e-01
6.040250098809147872e-01
-5.993025214896994246e-01
-3.838224780235065525e-01
-1.159657674568639191e-01
3.071163511863717055e-01
1.989954834619412916e-01
-7.974642658395968420e-01
6.883829910154071197e-02
7.628053383204530524e-01
-7.958528689758954666e-01
7.982923669230620467e-01
-2.235262985386469725e-01
-9.276435059356636925e-01
-3.624027678967874921e-01
2.507826044628780338e-02
2.193631250769032537e-01
5.073639980740110023e-01
-3.532373377910301704e-01
-1.191601176174496013e-01
-7.924428408310222327e-01
-6.332580392683870851e-01
-5.515729377309658288e-02
-2.215008764439765909e-01
-5.895280838696450587e-01
-5.058660822072282848e-01
6.666001532591748768e-01
-8.701302828081498575e-01
5.364956235248160565e-01
1.073367736974631947e-01
-7.444414609579088626e-01
6.757749840609874603e-01
-4.739223286037482774e-01
4.744811200621600333e-01
-2.448631108898539632e-01
-2.628551646752892434e-01
-5.687311305119648885e-01
-1.238068116695467680e-03
-1.378779178369247682e-01
-9.678621899697231745e-01
-7.465118849426413683e-02
-6.975411322578272122e-01
-8.237626555851784715e-01
3.749446127014237629e-01
-7.597483733427360386e-01
3.426664400262584564e-01
2.693619249875225385e-01
-6.297729087452264007e-01
8.449171288079604381e-02
-4.996411137507790201e-01
3.059748764720695569e-01
8.973567192112826829e-01
1.389958599900193992e-01
7.378362237134689083e-01
-4.804457284132701567e-01
-5.855084400993275651e-01
-3.329388576901720076e-01
-3.068679288015122575e-01
-1.697281114657889500e-01
4.646842392394820442e-01
-9.653915447217654711e-01
-5.220184148971678262e-01
-4.571588076020427494e-01
-7.729112553650909767e-01
7.952078919560876535e-01
-9.294948089005883318e-04
2.107607865663008728e-01
4.518632173601108137e-01
-9.898651322354350413e-01
-8.622216893647027813e-01
4.881427592473143728e-01
7.502367075717021327e-01
3.190156048768957864e-01
1.633596404850728989e-01
5.648464441894385235e-01
7.147278878800396029e-01
-5.326975110872975705e-01
2.675591370938337210e-01
8.734235964785340700e-01
-3.057067120843093289e-02
3.175796169522763224e-01
4.882664463442714098e-01
1.833654496164441872e-01
9.298107092324592315e-02
4.452840578345911848e-01
3.820286447996666945e-01
5.035804557424015115e-01
4.240927250481960065e-02
-6.963575744332134443e-01
7.963673236875041805e-01
-5.361084288923984031e-02
-7.673102629224181070e-01
-2.858215543088546973e-01
-3.534668179888521000e-01
-1.395300497745124435e-01
8.463685826284705893e-02
-5.402757572235568073e-01
-3.167845323013152026e-01
-6.310559824560452169e-02
-8.556489169045097265e-01
3.586347500709793912e-02
9.920281307826497308e-01
1.167782818598983932e-02
4.726524555890638801e-01
-7.179822241795352777e-02
-5.507996951659527296e-02
3.906808271811070266e-01
3.182644385465245307e-01
-2.513419843174158341e-01
2.130760547492946966e-01
4.465261411841981443e-01
3.126086434534898761e-01
1.912686302097197921e-01
-1.026012952250809906e-01
-5.722328627558633807e-01
9.842659058852178955e-01
4.904138499247809868e-01
6.653622170130217839e-01
-6.296295218780278979e-03
2.480953723190684190e-01
3.072847168989516486e-01
4.280868523268106518e-01
4.944644670617560911e-02
6.432264926561297447e-01
2.113800005813709637e-01
-1.853057642780581438e-01
-4.955599065139091319e-01
7.856403288855535738e-01
8.723773392519811321e-01
9.163261430818505637e-01
-8.939304773997907017e-01
7.000805142918837820e-01
-6.222866537608676696e-01
-6.890778812822697663e-01
7.838276788573664278e-02
-9.909910923158579132e-01
-4.534571565103486801e-01
9.246375920470201182e-01
2.607374388705819834e-01
3.427725344226031368e-01
5.136046751727475490e-01
5.546307463571166219e-01
1.110338569257619534e-01
6.594894315149227859e-01
-3.650199507254751063e-01
-2.433123613258589835e-01
1.748275272115552559e-01
-4.178602278074227683e-01
-2.082741942760152898e-01
-7.460690640261433693e-01
-8.268744391400912885e-01
-5.134482862987244101e-02
6.608212764374014059e-01
-3.647894236525719980e-01
-1.114124976859536265e-01
-7.085909779879290271e-02
-4.687383486551147671e-01
-5.113023657151704038e-01
2.961929009868229379e-01
