-5.900480104837448891e-01
7.286905738524593890e-01
-4.617332741359568837e-01
4.791376287559879210e-01
-2.783815602360519836e-01
-2.684186197039514221e-01
4.274052929724000971e-01
-7.352542606857033203e-01
8.141524906100394698e-02
-4.772577553455328858e-01
3.249574226921604359e-01
-1.581484953019628437e-01
1.915633486613012304e-01
-4.717140851107653465e-01
-5.303252438094974153e-01
2.187283675821402040e-01
-8.512775728449417656e-01
5.240045546402011256e-01
-6.001054808445587252e-01
1.100426601716119057e-01
9.167019450851529028e-01
-1.497111146581187047e-02
-3.497801440191042888e-01
-8.594947222847570956e-01
-3.954737850785279285e-01
-2.727588632699590177e-02
4.835510078727548455e-01
6.032574552772251852e-01
-2.443021821231693425e-01
-5.351787793719746666e-01
2.016108023441062214e-01
-6.616382073055449009e-02
-9.517996604350191792e-01
-2.959341644694936102e-01
-4.568377328664496861e-01
-1.842416087668907465e-01
1.159133019671595433e-01
2.013716536873979002e-01
1.085562923444240574e-01
1.686001102120897599e-01
4.241478127021164335e-01
1.551481673362438696e-01
-1.027136383585139923e-01
-9.410610560525349833e-01
2.320333819776733419e-01
-5.687203600083658994e-01
-4.454376267754318053e-01
-3.250469752259568246e-01
6.788559175308926941e-01
3.623424474099277148e-01
-4.590817487438230704e-01
8.238820592099832529e-01
-2.783862841171436120e-03
8.028400748323085701e-01
6.584734029193720639e-01
-6.074817538113514992e-01
3.730471300523684891e-02
-6.775543757948571111e-02
1.888218467199634654e-01
-1.232618289191959454e-01
4.737484935979585643e-01
-8.437282082177171016e-01
5.693418961413246882e-01
7.822933887435661315e-01
1.147601414232216621e-01
-1.687013326294070081e-01
4.040601030512138703e-01
6.970558063880384347e-01
8.152174349450601598e-01
-9.639952037106147564e-01
4.647053910115772624e-01
-6.531395598239115863e-01
2.664177193934542109e-01
2.197331246622229450e-01
2.502707205278260627e-01
1.336878429616723540e-01
4.864920454371037817e-01
-2.872705135386188768e-02
-5.070409457184096302e-01
-2.935545245387523039e-01
1.187907197389704850e-01
-1.174376138110423407e-01
-3.994739334107411666e-01
-6.632313447295601350e-02
2.553936754323011815e-01
-4.435807037401738318e-01
2.319019377347334709e-01
4.318482039595881727e-01
-1.679070742551430073e-01
-7.956540175842588547e-02
-9.045562712516942439e-01
-7.367775136270290348e-01
2.223141895925442313e-01
-2.639028782368957327e-02
-6.994903703587683763e-01
4.785315536637611000e-01
-2.626942261521058586e-01
-6.103083751355882214e-01
4.234241890666922692e-01
-3.589307284912847118e-01
5.038863143734078065e-01
-9.534340726653398601e-01
1.012889400167760190e-02
-3.114296207460886534e-01
1.909206929231414551e-01
-8.842112811056488386e-01
-9.562107436908948710e-01
4.925207851415402960e-01
9.953966110262685296e-01
-9.055372072034884035e-01
2.799748888593808216e-01
5.099748477925130086e-01
6.341117244157845612e-01
3.854619908020863184e-01
-5.919424299700797309e-01
2.996236605944743725e-01
3.281311681935707991e-01
3.082629512063729815e-01
1.773644929932220449e-01
-2.215358960244513398e-01
-1.110701566482555358e-01
1.174759968306925972e-01
-5.758066070201319775e-01
6.078983810558513667e-01
-3.390369221092841556e-01
3.557596042881110421e-01
-1.330037035102193954e-02
3.217133452281971673e-01
5.672902916475299762e-01
9.080550925893358105e-01
1.195477541821213519e-01
1.803638568465357750e-01
4.583108151399983843e-02
8.235276405839955238e-01
-2.582483874748718877e-01
7.697394454045309864e-01
9.774077817231913157e-01
2.553315384400970389e-01
5.038641478403642626e-01
-2.458814465493783241e-01
1.515740718643158735e-01
-9.092206930752089189e-01
-2.226441644614139403e-01
-6.604675022616430802e-01
5.431268190914846361e-01
9.687683553948671644e-01
1.428022085124025509e-02
2.823725925597609376e-01
-1.313885133060938015e-01
-8.247611112156882918e-01
-2.345771919231309788e-01
9.872886228938710929e-01
7.721799388549390741e-01
-2.143152630110586321e-01
1.885875747539063063e-01
-4.360767269532712653e-01
-2.634083134327848130e-01
-1.120414970014779188e-01
-6.462542057798350559e-01
5.002769673767448744e-01
4.530775010216788190e-01
-4.447888562545084801e-01
5.695997608871786744e-01
-5.686155902281266883e-01
-1.260927352034771076e-01
4.083026502904048005e-01
3.949626758556575301e-01
-7.905431268891935370e-02
-9.680831466360197979e-01
4.488922536410061559e-02
-8.907555099886180772e-01
7.234513036084635473e-01
4.360818598904990795e-01
-4.332825309887117782e-01
-5.332264082310368414e-01
1.646736857644437446e-01
-3.854261926278572670e-01
4.133583409487171512e-01
8.994385691156734364e-01
-2.129176836262322292e-01
3.632634870301773011e-01
-7.603134054410758402e-01
-1.651871480523931512e-01
-6.652690323389329752e-01
8.404991854445190702e-01
-7.840543393605479139e-01
-5.522973369651258402e-01
7.622473245012989507e-01
1.515712314939190453e-01
-8.686739912521557194e-03
-4.566334887594925562e-01
-5.852444205177622649e-01
-5.250559942306174399e-01
7.261154908346617587e-01
1.496592205121961006e-01
7.564599162624308093e-01
6.660950150982591911e-02
-8.655123897575892622e-01
2.119799849343497744e-01
6.624515396086613217e-01
-3.531860697830410123e-01
-9.890606198531923798e-01
-4.444242904600105848e-01
4.987977967766774046e-02
7.202940283126926246e-01
8.229855622634667522e-01
-8.669246005819116752e-01
-7.647355780566837957e-01
-6.312267299114107666e-02
-7.719255496358553570e-01
9.871587154097277717e-03
-2.215677774501940145e-01
1.730907792293637504e-01
4.850743284573426628e-01
5.075358047608367063e-01
1.170908039324166927e-01
8.044945938524544760e-02
2.275817771001805156e-01
-6.906301552075075900e-01
9.666874843833657138e-01
-7.212034037409074116e-01
-9.132817024444124243e-01
3.772199548398952329e-02
-5.630689885887714130e-01
-8.487412057914723862e-01
-1.350208843379386292e-01
8.959446222925968595e-01
7.500836027757363800e-01
-3.870544803354388774e-01
3.642692523275447569e-01
-7.652712827721231958e-01
-4.681275735236193336e-01
-1.536642396355756279e-01
7.422827224384933587e-01
8.635964930516213389e-01
1.505759685291145900e-01
-4.285105977671564426e-01
-5.370304806264671882e-01
2.474980611000459074e-01
6.758855283503646394e-01
-3.549885245854731974e-01
-4.566400651125435139e-02
-3.523244865148297822e-02
-5.304045209362812097e-01
7.787092191643831818e-01
-9.303733907092271993e-01
-4.438460999917603345e-01
9.692835447913679126e-01
-7.986865360501422817e-01
-5.783972451893318878e-01
-9.562789738255742522e-01
2.864477046790592785e-01
8.286689128676563154e-01
4.691620274289906578e-01
-8.562175019554153499e-01
-2.782888610335390589e-03
5.941344919654630852e-01
-7.093168764069190946e-01
6.211215661490973039e-01
-2.994498169389522846e-01
7.505317215310820522e-01
7.902835654137813082e-02
8.440841859690333404e-01
3.974885716457474683e-01
-2.690389536538118076e-02
