-5.766249770173803579e-01
-3.130938479340417135e-02
6.544880411447019375e-01
-2.527762827039386484e-01
2.901914290539779895e-01
5.802253644429086199e-01
-6.478458195989578172e-03
1.166701122832276283e-01
-8.444667474877383118e-01
-7.400777195871135472e-01
-2.648020395042448016e-01
1.073579259418216969e-01
-9.528445232926896491e-01
2.063137436742711883e-01
8.691484305267149768e-01
9.756325744142204659e-01
-6.146787975869043574e-01
-6.177575773274209814e-01
1.912002520421794693e-01
-1.657511239722648799e-01
2.943684338145509671e-01
-6.423522601242023233e-01
4.324563662071684300e-01
-2.843443932409497887e-01
-1.414404850247182877e-01
-2.272308332899148908e-01
2.475135736660326047e-01
-4.253435325604110195e-02
-7.178611619032989610e-01
-4.246100112962335471e-01
-3.553275989105784127e-01
-1.754637060568680629e-01
-5.184938476893663495e-03
-3.659164999681132069e-01
-3.841347180395811578e-01
8.664296801008127824e-01
6.592972156910661408e-01
8.838874195562129721e-01
-3.672808319284833756e-01
-4.666675562883612072e-01
9.868563927418638748e-02
-5.690405082783238644e-01
-5.823388126525846920e-01
-6.462173046655194097e-01
-7.947168519340650494e-01
5.993165198780091574e-01
7.206113441527327579e-01
7.156834634389438454e-01
5.732400139044794285e-01
3.705052609461707558e-01
-2.013867745117243202e-01
2.245695226212435502e-01
-8.655165024458674194e-01
-3.320103197474738588e-01
-1.822005015697676922e-01
-2.090935767813104085e-01
6.374789508817019223e-01
-8.805523126948101575e-01
8.132012476532912704e-02
-9.968696532586618364e-02
3.924817717469573086e-01
7.953724792591465587e-01
1.928376807306944607e-01
6.689011223149938790e-01
1.796422089494343621e-01
1.841511297536179148e-01
8.083632436096768181e-01
-1.208362385345080892e-01
2.280767283502349585e-02
2.989123387980161528e-01
8.460290392054133912e-01
-9.393161913459626700e-01
4.686350781670632626e-02
-7.208316083914337868e-01
6.042024361797931897e-01
-1.492462739846905362e-01
5.976158312548154883e-02
8.518335080696606276e-01
-6.056256184628308614e-02
6.987560701464767821e-02
-2.138590316790345280e-02
-2.285170833314652816e-01
-1.708038202597021160e-01
1.624156145161421705e-01
3.323004502090841084e-01
-1.490462416594840467e-01
-7.800423511823111333e-01
3.543997895270049048e-01
-1.419206082135532343e-01
-8.074996433796670647e-01
6.027978978431616230e-01
-2.825912207943496179e-01
6.977165740064531496e-01
5.597382818675508132e-01
-1.093958077328306966e-01
2.694706873721447460e-01
3.394186916699822865e-01
5.320809030222443115e-01
9.287078349682531542e-01
-5.474699763748623882e-01
4.815126326156486392e-01
-5.386033118593804847e-01
-1.812592144157427754e-01
-4.572513804986941821e-01
9.733290970228809513e-01
-5.691825431503264587e-01
8.177281729631675766e-01
-2.849002400042877636e-01
-1.898834287179221314e-01
1.160374928085506352e-01
-1.023337227944870198e-01
-3.606032633807126908e-01
-9.884712101562799225e-01
-8.538885825331464785e-01
4.836745878116215369e-01
-3.624208667230098824e-01
9.025338204190445079e-01
8.360168241057044369e-01
-2.040242424134795785e-02
6.416061118346990666e-01
-1.837960873310198195e-01
6.647851222302531005e-02
9.724321424154470650e-01
-6.687377081187010353e-01
-2.478387292932700270e-01
2.141389639075060858e-01
-6.109506417674637202e-01
-3.980039200034375391e-01
8.586246254331287853e-01
6.903071819658195274e-01
9.304166311800583511e-01
-2.995183432118150302e-01
1.906914412394732361e-01
7.273938330069591451e-01
-1.567522289114635092e-01
-2.856103712289516094e-01
6.406910479876202213e-01
-3.133455907085346825e-01
-1.187307976364752049e-01
9.989980047894957138e-02
-4.977534734718598308e-01
-2.092316910589052115e-01
-4.162543769484077227e-01
-7.213284519261108363e-01
7.696310075351356361e-02
4.815821643758311232e-02
2.686472284963263846e-01
-9.146308243954151540e-02
4.761901236099688739e-01
3.272479164420482034e-01
-2.549071892580609400e-01
-4.166340424201175896e-01
-1.575560437214796883e-01
6.826815310559638528e-01
7.722956903610895818e-01
-5.350631822877069954e-01
-5.712641931879547386e-01
-7.058779260972407599e-01
6.074976666225939681e-02
6.748743706158076838e-01
-1.456569413479902042e-01
-9.085817460703727866e-01
2.736754874628185563e-01
2.803925341370991364e-01
-8.309019130991921465e-01
5.929037426180662207e-01
-8.881417768446495664e-01
-3.092178999142308760e-01
1.794784537905652622e-01
5.101312376453392972e-03
-7.396647874204053119e-01
-7.044096497235420307e-01
-2.541904748683006532e-01
1.086634443514550297e-01
-8.941133683824527001e-01
2.504720847830256281e-01
3.412146665802146539e-01
-7.350522248436983652e-01
1.010027500460494998e-01
-9.178668965243726996e-01
7.098068085385165205e-01
-2.735774593766721052e-01
5.179020431599699048e-01
-7.596910931259646116e-01
6.186343363381728855e-01
-1.821830718776036862e-01
-3.220668040876584204e-01
-9.985004586117133263e-01
1.313190281743283339e-01
5.580351599145494390e-01
-5.474516246785419149e-01
1.717792988976923896e-01
-7.812596830484035415e-01
2.772716533749376988e-01
-1.335096529819528310e-01
-1.074464475354341975e-02
-2.890791459193570168e-01
1.809385387750240826e-01
-5.288488439120598850e-01
6.423728983086909317e-01
2.716039918884531335e-01
-9.277365108547309669e-01
7.009704517240310517e-01
6.559700712514775489e-01
2.674348731452416694e-01
-2.836253983703101444e-01
-6.433349075698385766e-02
3.393854233548499466e-01
-7.339158416511960548e-01
-2.988867898197073991e-01
-6.385466679673355017e-01
-5.143341612679502850e-02
7.862398717416750893e-01
5.682426774954096871e-01
4.055654799492031115e-01
7.399676402983368373e-01
-9.455248077589064604e-01
4.161724868772229691e-01
6.626947450104081483e-02
9.521925032449407578e-02
-5.033204903888583992e-01
-1.675006822663959172e-01
-3.527899805942256162e-01
2.112702829330824761e-01
1.697559459216720357e-01
-3.120225784286932424e-01
-9.876702004475037544e-01
6.276649507350504642e-01
4.310909848053203763e-01
-8.027442137035680769e-01
-6.597532308519211686e-01
8.010005360269464303e-01
-6.319308542205095414e-01
-4.922259122383469410e-01
5.225213111267369426e-01
-5.205165216755086588e-01
5.056631327236860152e-02
8.711642980345126741e-01
5.932830297678748366e-01
4.801180455302191397e-01
8.672538330173915067e-02
1.685730541364783772e-02
6.983772982208276137e-01
9.355460145189788967e-01
5.842127369681279214e-01
1.796586601189382182e-01
4.342046468069938880e-01
5.645396847305692578e-01
9.027608982307037122e-01
2.830776251165312285e-01
-4.706986322745265738e-02
-2.173410957779506048e-01
-7.681728180093383429e-01
4.912505393471880977e-01
4.258427944936510889e-01
-3.164141169866837577e-01
8.380906128876447481e-01
2.887867863677494040e-01
3.008406415845459869e-01
9.958148361203464360e-02
-7.249475797236675234e-01
2.319983581546625206e-02
-3.540449729015383573e-01
4.256176052552235189e-01
-7.712807069065455989e-01
