4.700948286760614492e-01
-4.609827646865306550e-01
4.530430384317904458e-01
-2.117796520735109600e-01
-5.954654196003977829e-01
-1.291132901074308337e-01
9.478874728722993526e-01
-1.572664490798086900e-02
-5.638495141369243013e-01
-6.234468009664015931e-01
-9.651711738093192716e-01
-1.016303856822676766e-01
1.589073651771433227e-01
3.630565375800822170e-01
7.082868065537817337e-02
5.192902476375907961e-01
-7.818874192951736912e-01
3.892117454091267859e-01
-6.003724483000322243e-03
-7.511928041858345617e-02
-3.392949239359027147e-01
-5.053188083411546128e-01
3.328331746231035226e-01
9.732392587537773698e-01
-5.817569905177307765e-01
-7.882254884874404510e-01
5.893678277230023355e-01
-4.114074676665131491e-01
-2.298888986945101798e-01
-7.224506322201322828e-01
5.831839814498002150e-02
-4.532518553567780328e-01
9.066537997005702509e-01
1.211844815725058866e-01
-3.257690242297416328e-01
8.257884404462223493e-01
1.096606649441221049e-01
-3.537291529155438541e-01
-5.788455271593995199e-01
1.654620361494738567e-01
5.469988902872066627e-02
7.053008951927710601e-01
-3.831067578552853625e-01
-9.064800662011778254e-01
1.715242497725431581e-01
7.443218815385049814e-01
-6.110066688131239321e-01
-8.231516711814954590e-01
-2.382649858516512065e-01
5.552402676455375774e-02
5.911899210646536229e-01
2.208757798255625571e-01
2.565602933847005995e-01
1.921451397652574611e-01
-2.601400802871894902e-01
-6.243285060503880324e-01
9.082688242196674810e-01
-5.632656178525563551e-01
5.338750170608447254e-02
2.998949592592476954e-01
8.482306212652788169e-01
-4.920169963478303599e-01
-3.563180598280124567e-01
4.451321825679844246e-01
7.920771292144772602e-01
-2.045239812432462223e-01
-9.290007387526799665e-02
-5.910742182449141291e-01
6.317284563965932520e-01
-3.191947891497091128e-01
2.536342118462202588e-01
1.395212568697565547e-01
7.681034060760832949e-01
-5.222339117972023548e-01
-5.630938711947190978e-01
5.490268232552290018e-01
7.740798620710700462e-01
8.503781856579623044e-01
5.065881597577253093e-01
1.315146433998460873e-01
-1.348406251531189259e-01
-1.281896433983266137e-01
-6.658992432884683899e-01
-4.439491490892219505e-01
-9.676874402349636695e-01
-7.046624778470946815e-01
6.017882569237078538e-01
-5.670718101732288297e-01
4.211788929934854875e-01
-7.975907645755846431e-01
5.892294832089161050e-01
-2.935080987469819158e-01
-8.760501996284607573e-01
5.398535494976097748e-01
2.678655442564781275e-02
-9.273193891305120395e-01
5.058348765953246673e-01
-9.442685913055761660e-01
-4.032381717718781511e-01
1.117513861230032268e-01
-8.603802533201380109e-01
1.698110971078947706e-01
-5.847511520841812693e-01
7.791344120566565667e-01
-8.870314764735115487e-01
-6.329883729926520930e-01
1.074899683750866752e-01
-8.233718207446205639e-02
8.489921529702139091e-01
4.093282414248253925e-02
1.768703889408690388e-01
-7.876989027332056414e-01
7.638085105974838918e-01
-3.431022512970191007e-01
-2.048977664396362530e-01
3.707104316324151827e-01
3.560479201397189764e-01
-6.106499644565880347e-01
-2.861520236813321905e-01
1.947671827329384986e-01
1.878885786958365278e-01
7.181807284739479824e-01
-1.324453476628457138e-01
3.682694647678579347e-01
-8.618726984842034478e-01
4.819171757883980445e-01
9.430179139560965762e-01
2.860711986730400946e-01
-5.342715674029356876e-01
4.425370330308859290e-01
-2.952749772969924802e-01
4.922708688491112539e-01
-2.303837755394813613e-01
-2.573178399347600953e-01
2.234078907215572840e-01
-9.145116444527716659e-01
-2.315069382380058605e-01
6.705833442663247101e-01
-2.669162030752594283e-01
4.168958336178983926e-01
-2.392047542350608236e-01
-2.180078080867025037e-01
4.809448299136881988e-01
-4.024228396307677480e-02
3.703179187518135795e-01
-8.721581504477310398e-01
-1.877400787520083214e-01
-4.180413094144662112e-01
9.515354705508247690e-01
5.089413821526174164e-01
2.194785637951198742e-01
5.940593007967615025e-01
8.308643783991136456e-01
3.831148112556234109e-01
4.062098044905284588e-01
-5.086900995366268052e-01
1.236005708676285453e-01
-3.810041774751828925e-01
6.656646565760661050e-01
-6.356406329197153982e-01
3.151202869005355067e-01
-6.448527218466726385e-01
5.998163786750975168e-01
-7.677179872177957165e-01
2.386178599871806028e-01
-5.658090712820382784e-01
-3.096690691703807286e-01
1.751456626356343027e-01
4.852520152274580889e-01
9.985528686267755027e-01
9.691145749054799197e-01
-5.892192207933888426e-01
5.926926010671760281e-01
-2.542451465819606793e-01
5.910888262797989734e-01
-3.139849410136455465e-02
8.151249588168765214e-01
8.478081119588791736e-01
5.225737897233294627e-01
-2.525878980153441478e-01
9.108488295099340659e-01
-3.993252649009154109e-01
-4.619999488501811968e-01
-6.605251794897598616e-01
2.722842014152481172e-01
5.804552982732564814e-01
-4.382690726964725836e-01
-5.933917367489769390e-01
-2.890866002625071540e-01
9.139812112280119027e-01
-5.324249216585927869e-01
4.837209319816973552e-02
-6.134825719738629113e-01
-8.623477086504838240e-01
9.117367463664372007e-01
7.657942697580897295e-01
8.965137181718516590e-01
-4.005459166034972540e-01
4.865857502486315989e-01
-8.298586783812819112e-01
6.328896582900924717e-01
-8.913308309914719230e-01
3.228743146497449201e-01
-4.924375633792332785e-01
4.257649379748891794e-01
-1.133315789389831296e-02
-3.279977246344230601e-01
-5.272193751496134784e-01
9.162417079833774791e-02
-3.780669730302733123e-01
-2.588987458500709993e-01
5.731381355398246225e-02
6.909923353090811071e-01
-4.054040971971046847e-01
7.084959813328417511e-01
7.996615827008961563e-01
2.947024847622160548e-01
6.465328486987910184e-01
8.392567268371753375e-02
-5.204812882435099208e-01
5.196670948442356774e-01
-1.327753571370683394e-01
-2.405159576466094906e-01
8.830858709127347161e-01
-8.100447816535382151e-01
9.539691058752354236e-01
-2.106497138649094936e-01
7.185850847536973118e-02
-1.539718751885056636e-01
3.770899255093829727e-01
6.910195953886371090e-01
-4.633072897449821426e-01
9.147892114910341488e-02
6.956852513963488471e-01
-6.302017233024532761e-01
-6.644566546050104661e-01
1.456748841352650536e-01
-6.054500748599512816e-01
-3.002526067557685363e-01
3.772233532619891361e-01
4.601563868140946534e-01
8.605464529334616586e-01
3.434457354552946096e-01
4.383642837984109697e-01
-9.485619400051001904e-01
-9.665656758592280351e-01
2.438001014398183952e-01
-3.567846113292656440e-01
4.524640129153368329e-01
9.121243775787268859e-01
5.763023247408629590e-01
5.916261276102585676e-01
-7.337056183380863406e-02
-1.046911264201658698e-01
6.201937295704721409e-01
-9.155166334406191764e-01
5.530205179938483262e-01
-1.023065666979770250e-01
4.537089868175019358e-01
4.252625159474575089e-01
-3.762428391597261723e-01
7.307445390348250580e-01
-1.773485204080553768e-01
-3.832421551526973280e-01
1.014119454545693855e-01
