4.928859444763256659e-01
-7.110591147759368624e-01
1.520511009676802083e-01
1.334132030488912046e-01
4.310422007624031271e-01
-6.653015910124120413e-01
7.355012794590521930e-01
6.227074849549121272e-01
1.459439185996758426e-01
9.337537460784857135e-01
1.017480322194841413e-02
6.198804857579598426e-01
7.176923276501914195e-01
-1.986746113346593567e-02
-1.380315466794612977e-01
6.470477367103849575e-02
5.674790917877717833e-01
-1.646552344614976016e-01
4.243224500747317940e-01
-2.059524574996944857e-01
-6.192119770966120207e-01
-4.772504973665785966e-01
-1.520143035370270096e-02
8.831504692891959385e-01
-3.057380897123940233e-01
7.225186731342100876e-02
-5.521919225650251395e-01
2.133063437016231856e-01
1.766597242522665034e-01
-3.646718708990312474e-01
-5.872514365868235497e-01
2.682031587771016579e-02
-7.263425636370367533e-01
-5.195353293719959797e-01
-2.227652105932290405e-01
-6.730457543578922674e-01
-7.143545566378307621e-01
-5.621076229677113290e-03
-4.119512394745497019e-01
2.463054177820154789e-01
-1.735426680203391858e-01
5.931881990191598675e-01
4.420371268516315455e-02
3.866949501166336844e-01
9.014065703964415643e-01
-4.193170059118157544e-01
-7.472932180495394094e-01
1.092640983367865609e-01
-4.734572062817112847e-01
-1.301110469143576809e-01
4.891872822831561107e-02
3.484060877838598413e-01
-2.416180360745460998e-01
3.272489443918499274e-01
7.606621077324673408e-01
2.551324835392546619e-01
-1.067676028242560693e-01
-7.074006258709333861e-02
4.788179987428732298e-01
3.619719163091907332e-01
-9.636160851930042348e-01
-2.722730066694889137e-02
-5.354164991722560885e-01
8.171107760677296383e-01
9.722392584999631771e-01
-3.753540835896395089e-01
6.661719609356562266e-01
-3.260681754268266452e-01
1.725380025838527398e-01
-8.853355038503031293e-01
-6.727732094013931796e-01
4.886553128729618223e-01
-1.192592497077782365e-01
9.350864467057371510e-01
-9.938234943262119758e-01
4.587215414461393581e-01
-5.293187500144044266e-01
6.323586435556894925e-01
9.820380146727579751e-01
7.515325991476509149e-01
-3.902186026092038795e-01
-5.920210138430617164e-01
-4.047050153790773819e-01
-4.712178754311094897e-01
5.467824124924294260e-01
-7.606828259919008461e-01
6.598713421746327246e-01
2.276652761627849797e-01
-3.251992578361372899e-01
-5.291203442969546478e-01
2.721712412302663975e-02
-5.864527801438578214e-01
4.283613111310495825e-01
-6.229428215160167648e-01
-7.967947927440570677e-01
8.360742175583910085e-02
7.075549416055604279e-01
7.268741846120382322e-01
1.428073450775883546e-01
-1.022986302863079094e-01
-9.252466448172325109e-01
-6.110464125699666127e-01
1.715590507010807952e-01
-9.926632161786802522e-01
-4.610818099448548146e-01
-4.373967126512089132e-02
6.359062381802007557e-01
5.447780014347203270e-01
-5.561430594704643848e-01
-2.316009869157057421e-01
1.162119744319087822e-01
-5.235677583518753009e-01
2.617497823986085770e-01
5.557583955043559065e-01
-3.300463202160107690e-01
5.187942358291095513e-01
3.582899623718225346e-01
-8.258186465988457403e-01
1.674816741724539926e-02
2.718847064558974624e-01
-7.430763635302599646e-01
-7.360009711737702798e-01
-1.880222310211957792e-01
-7.966227472273756938e-01
3.824866020912868203e-01
-4.725115632179038849e-02
8.582625813994118058e-01
6.409160979994082963e-01
4.175149858594194296e-01
1.602473412539945352e-01
-6.703347831786476974e-02
-8.792620520113307858e-01
-4.656097337229640476e-01
-1.313813654088176741e-01
7.246342422004666828e-01
4.885436377920754358e-01
3.180755750725046405e-02
2.998888004334974711e-01
-2.293514441970667672e-02
-1.439158649193599537e-01
-9.715369519374039697e-02
5.316220131257174408e-01
2.995363358232623341e-01
-3.860557416572658052e-01
-3.332315903045958705e-01
-1.868299097180945167e-01
7.516931344773082335e-01
-3.019294941499458540e-01
-3.049301260453728402e-01
8.624154088962465714e-01
5.319431273184098696e-01
6.839326767502882376e-01
-7.303466320407779877e-01
1.064788761529164018e-01
8.125144803218031786e-01
1.026681176464234041e-01
-6.540752709268474741e-01
-6.984000967052947928e-01
-3.209339356590557579e-01
8.835454265449099731e-02
-3.737904646099821093e-01
4.745141328101987188e-02
4.505990248620542205e-02
-8.793063191749290741e-01
-5.943167915400240364e-01
1.865390188552227824e-01
6.327832088517773013e-01
1.217417484660866800e-01
4.516697755189679198e-01
-4.140402302633271470e-01
9.351612892482372708e-01
8.095883965766199619e-01
-9.856199190639886032e-01
8.914957672717639392e-01
2.090859392804704786e-01
9.853522601104792722e-01
1.123456397590000266e-01
1.282438677129976723e-02
2.943891631473338211e-01
1.546688499314146092e-01
-2.547043180830637077e-01
7.675781242989121456e-01
-3.394279136185739953e-01
2.029394328393216429e-01
-3.180438463311200392e-01
-9.138131053004039384e-01
-3.857122676513394244e-01
-3.546534095550119559e-01
1.853794920506753319e-01
-9.588198991508649627e-01
7.112358488208303520e-01
-4.303624493952635799e-01
8.577217061053137304e-01
-1.106270607310083087e-01
-9.907947521750523623e-02
-3.559426280319692437e-01
-2.133261681859913717e-01
5.841792762329719446e-01
-4.144691857611136898e-01
-7.382672732787294301e-01
1.614469272541844413e-01
-9.196156232600654068e-01
-3.242548365240558450e-01
5.262801204874811845e-01
4.511638047651219674e-01
4.399644709470087456e-01
-2.660778931557323257e-01
-2.616689606774430521e-02
4.963633039055502794e-01
-5.220808248885673297e-01
-4.086703022376091399e-01
3.554666823571507872e-01
1.431894434567142216e-01
1.533845943822861879e-01
9.264463829922314764e-01
7.014039269759699824e-01
-2.179831240193985664e-01
-9.396790966525667699e-01
7.294816397343966141e-01
1.878182639523133246e-01
9.218331017027667773e-01
-1.583917681843217407e-01
8.499250822266350980e-01
-1.712727196027136745e-01
-3.398661972827781153e-01
-1.652683934648382369e-01
-4.905071666367602501e-02
-2.215495455740656428e-01
-4.675869817884210078e-01
4.747280689523901698e-01
2.123947644594111339e-01
-6.733920753209923227e-01
2.254524651674219560e-02
7.048023010188808612e-01
5.098236098818342832e-01
-5.009315486901324554e-01
-7.415605090894881180e-01
-2.779895697301548729e-02
2.742129106842406405e-01
1.967813805098742597e-01
-4.244526437383057127e-01
6.407492240444212506e-01
3.488517320747208106e-01
4.611873795892532657e-01
5.029640559417567491e-01
-2.561016022420939953e-01
8.979732012315406742e-01
4.943472967040596355e-02
4.829606050036412412e-01
-2.667901687522989951e-01
-1.898835350918748333e-02
6.005399980104941804e-01
-1.805415234620084686e-01
2.191931786686994177e-01
8.215567833067567438e-01
-5.848677860750162161e-01
-6.856652971578957034e-01
5.158970092428513121e-01
6.670392862815886781e-02
6.625176465448123775e-02
-7.150725377325017895e-02
-8.018916083201583778e-01
5.691373502645858951e-01
5.601726791024892460e-01
-2.485616769627367884e-01
