-8.403496957974732062e-02
4.874045249933873780e-01
8.394398556133526590e-01
-7.934984182062780889e-01
-1.849157195426545108e-01
9.567790631043240346e-01
-3.528251244494930994e-01
-6.883419362412528386e-01
8.845331972325460868e-01
7.292130849297657758e-01
-1.077398334068651042e-01
-2.562498553375136545e-02
-2.555224158778290899e-01
-4.940453630252890083e-01
5.024994668898372652e-01
6.538357304978488216e-01
-3.456724089658151922e-01
-9.568404228322773264e-01
-6.896317493589863012e-01
-4.689176080823229675e-01
7.220570808133288665e-01
-1.439352043285926364e-01
1.249561618483330250e-03
6.788924653448469293e-02
-1.400266270881618258e-01
-9.388030990326818870e-01
-6.876124209859164615e-01
-5.298554272603852588e-01
-4.424919734943424388e-01
8.876357274559547594e-01
-8.463441651274550281e-03
-9.481785379124196833e-01
-2.729500504953796813e-02
-4.822629898057408937e-01
3.553475743228802219e-01
-2.376406189252142642e-01
-7.207055778020696746e-01
8.530460534456647537e-01
-4.541573395950058156e-01
2.412368416495547230e-02
-2.168433424447946400e-01
-5.268645829880844733e-01
-4.684354889579143144e-01
-3.204939605389203194e-01
1.303997460381294271e-01
2.785804901919426424e-01
2.049003152400918903e-01
2.279930955097486667e-02
3.579419476672849321e-01
4.911202289949099242e-01
-8.305429774413863875e-02
-1.115393800730437590e-01
-2.661154237619554053e-01
-5.617333580481436162e-01
-2.062562437665260706e-01
-8.406954632986987086e-01
8.976153502716852639e-01
-4.387381100009566381e-01
-9.278483546759161982e-01
7.772273661420086022e-01
-1.413271503425435061e-01
-7.066013473893328900e-02
1.861833522467317703e-01
-6.383404682832560795e-02
-8.942891119161662239e-01
-5.680570483039297791e-01
-6.593360293442276365e-01
-6.501440309205235302e-01
4.721733969311812107e-01
-9.648117958299171626e-01
6.640943198126869618e-01
-4.422526837017790591e-01
5.980496265286787683e-01
-8.091567937389589904e-01
6.168841185702031993e-01
-1.797112712530166689e-01
3.594768782600692436e-01
-7.329557823114047910e-01
7.477387665978998399e-01
-9.342640851063024332e-01
-4.363833095485276647e-01
2.451745938741012321e-01
-3.789015451159216674e-02
-1.560848836782624538e-01
-1.975249265941025900e-01
-4.223911813804290816e-01
2.840448279988199154e-01
-8.221250117386613709e-01
-9.595035540511331895e-01
-9.916591950909747766e-02
-4.272694627483537566e-01
9.179093411194281238e-01
7.610501490697358928e-01
-2.069194103978759802e-01
2.610069964301877654e-01
-3.504725276041971149e-01
6.032384098405878525e-01
6.164289741175776882e-01
-9.939946843495268691e-01
9.449450034285629130e-01
8.203213833737388327e-02
8.468128605513089990e-01
-9.764250644333283269e-02
6.796373437165459386e-01
4.999186972490474723e-01
-4.575557325286345733e-01
6.462148100905502623e-01
6.164123051673313647e-01
-6.024861174520292906e-01
-1.504858348744115837e-01
2.582863163842896714e-01
2.612478355845477829e-01
-7.301628804177946463e-01
2.990280021944735633e-01
4.001555538750984908e-01
5.463531915047330489e-01
-7.185817649020385112e-01
-5.322540831367947867e-01
-5.467921391897185845e-01
-5.336559985702036268e-01
7.709061644311789863e-01
1.388634711459459936e-01
3.526526520712880419e-01
-8.421324566826895452e-01
-3.777372896673363289e-01
6.756147392969145127e-01
5.984925547048209893e-01
8.194227606716402157e-01
-2.173178962851194385e-01
-3.873081209739022146e-01
-9.710741184998850084e-01
-5.209056109451433159e-01
6.925004983215576893e-02
-7.340947516864084754e-01
7.062645392472499672e-01
9.260909610213867715e-01
-8.107680616022956421e-01
-3.294504736049779225e-01
-9.166989434527976766e-01
-4.943032944430258979e-02
-9.813319732163006126e-01
6.293524762501254699e-01
-9.129916065909724487e-01
6.207329970317472245e-01
-3.213126754449169287e-01
2.912468853943517288e-02
9.929966818848900978e-02
-3.795446004927236494e-01
2.069518399015839449e-01
-8.487650998122007184e-01
-1.984365248379407198e-01
7.921116095139097979e-01
1.496397953292840644e-01
7.980353177899512929e-02
3.944572913765198585e-02
6.374003841491422406e-01
2.615292382281642070e-02
-7.879634977892964187e-01
-3.494523613850106791e-01
-7.534628916483010475e-01
3.971929823467630349e-01
-9.598369883499593413e-01
1.570681319781164209e-01
9.565185580154826894e-01
9.211415368534714432e-01
-1.635845283352646007e-01
-2.199837884194044690e-02
-8.274062648166917722e-01
-5.735797568962357484e-01
-1.654196935705329885e-01
-1.028053332754839122e-01
6.545140466502874510e-01
-2.385667856615716342e-01
-2.434751787725950578e-01
-7.856289545164194532e-01
-7.088252128444538780e-01
-6.415036655017809508e-01
7.998513738918366922e-01
5.900529652378816436e-01
-3.629821206525158939e-01
-6.723091835152990026e-01
3.328339664956077026e-01
7.042736747890505633e-01
-7.424430614605015410e-01
-7.611702700889899642e-01
4.773757473142850039e-01
8.899969341566140724e-01
2.817868773959633089e-01
-7.177965223103321968e-01
-2.339124328655970420e-01
-4.700813888811974373e-01
-3.109198336367466897e-01
2.969181953821562470e-01
4.109761412621841803e-01
-2.052628649847769715e-01
-1.437901741371190312e-01
4.229599285805678566e-01
5.852212322159999758e-01
8.463421918422882051e-01
-8.440816168176015211e-01
-6.213732906498024011e-01
-8.423227141970275333e-01
5.741229965893781539e-01
8.505530309258431121e-01
-7.681135223827917358e-01
6.141648261047480961e-01
6.479188772060502366e-01
-7.801431379578835923e-01
-2.158433333813567501e-01
3.346861073721678626e-01
-3.043684826746886340e-01
2.210503262599554652e-01
6.379318890526028962e-01
3.018674625974315795e-01
-4.827031388252669419e-01
1.018581278100487708e-01
4.703650532378194082e-01
7.873237177863898761e-01
-9.897743999327581754e-01
-9.983350573915115156e-01
-3.791997036978478341e-02
-7.013709250475386181e-01
4.384670455563226543e-01
3.830699909621788635e-01
9.720717881945228900e-01
-7.802633439346178257e-01
-2.936029524867029838e-01
-3.883922701625912577e-01
-6.006313626043822129e-01
-6.143815459971697646e-01
-9.124512267959301592e-01
-6.721025543079592879e-01
-9.897110714331245340e-01
-9.222813505977445203e-02
8.161117579543786249e-01
1.567806087411522942e-01
-6.969047763566367237e-01
-6.396081277350473826e-02
-2.862751139194841254e-01
7.170154023803916310e-01
-5.331699802136238286e-01
-2.079204119402691120e-01
1.698375818338291321e-01
1.211664458857015791e-01
-4.265346109847556466e-01
-7.884395773929246953e-01
9.187062072253895373e-01
-2.038004405804867414e-01
6.960934347260177013e-01
6.662553267534079282e-01
-2.459716482207412458e-01
-6.958038602757492530e-01
5.899226574535170187e-01
-7.230944328556259126e-01
-2.902381038817261061e-01
9.233270401367670299e-01
6.830589111567255678e-01
3.708683679236985942e-01
-1.179305889199311341e-01
7.799480902938411564e-01
3.829481599854354101e-01
-4.422810237503753683e-01
5.801254514561060560e-02
3.919027048000369717e-01
-3.364504804757002532e-01
