6.359793407895897310e-01
-1.591793452481253812e-01
1.208407500974597593e-01
-6.360681032016848313e-01
-2.549025058143494782e-01
5.901729909857156287e-02
-6.639465046115211599e-02
3.459376359550723201e-01
-2.750063240515401297e-01
1.495784961444923677e-01
6.209555157484896171e-01
-2.620498619892170922e-01
-3.521442647311594509e-01
6.477760971107036081e-01
5.377316517923491634e-01
7.760246736954325986e-01
9.777324841341483719e-02
1.586487313212991968e-01
3.750645764352746880e-01
-8.614917854093906424e-01
1.131129194800384319e-01
-9.524562111404168974e-01
4.569383466608405442e-01
-9.209906991950818078e-01
4.853374914696688691e-01
-7.416020837730323834e-01
9.311995421650398619e-02
-7.710311856071396797e-01
5.343172293592617361e-01
-7.054939150753820609e-01
4.890719458838144185e-01
-9.851848418460593670e-01
-5.050058751458013084e-01
-3.014029834894673687e-01
5.671977556666742970e-01
-1.843199569572426810e-01
-6.228399691893626855e-01
1.906216948285086588e-01
-3.896330271773820186e-01
5.290583193215985247e-01
-1.322882129374995941e-01
-2.208318286710744260e-01
-2.982842389937971905e-01
-4.873752616099307211e-01
3.320260072098391024e-01
9.890461190044941286e-01
-1.804958461024175342e-01
-5.903170049882360271e-01
2.773834693518795191e-02
1.391380171487233142e-01
-7.922153515893770592e-01
-9.571749287914854687e-01
2.616302770760245977e-01
-2.652682861759463329e-01
-6.495187959739368022e-01
7.393906945472927816e-02
1.825069339922780198e-01
-8.693344431373533077e-01
6.354130157524411349e-01
9.363453072174297009e-01
8.934730303698512621e-02
1.305639158404194866e-01
6.886196418452086299e-01
-2.756922806925694580e-01
-3.056894514527697115e-01
-6.963690198211112126e-01
4.426106236860933851e-01
-1.904133357164312645e-01
8.291050006324316435e-01
-7.490399555758033845e-01
9.657701415918129584e-02
4.384112606253995903e-01
2.459393906449345302e-01
8.964524698694400495e-01
-8.552351215181277500e-01
2.055551723015587307e-01
-7.804687675423465087e-01
3.726495590094749399e-01
-5.873721583023252535e-01
9.538708514465075172e-01
9.367842152667276157e-01
-9.427410556583544210e-01
2.765315360447337945e-01
5.310783661231348596e-01
-6.233483840956570710e-01
4.268910220870139050e-01
-2.106222261785406502e-02
5.833896575781305494e-01
-4.712091107767240050e-01
-9.837573305522502309e-01
-5.874966921293869326e-01
4.220593720430489970e-01
1.962390222884424773e-02
-6.758620879926673375e-01
-9.235953802006486857e-01
-1.857923630838920204e-02
-3.701260525222020981e-01
2.720571151369457485e-01
1.501277328199368544e-01
8.916496238372071392e-01
4.436571610811756994e-01
-5.440470134551549375e-01
9.335447442822235598e-01
-7.818387801460957576e-02
5.913028013795567084e-01
-5.583617878828659453e-01
5.148935868620587719e-01
-4.931503395913905408e-02
6.973026829391488768e-01
8.895577785961752415e-01
-5.133136739038983709e-01
-4.439601266195212226e-01
-4.199931444799434033e-01
-9.282101843020338361e-01
7.118980029605492810e-01
9.731885937796289632e-01
9.857042075916440105e-01
7.762258871909537561e-01
-8.354098813164256843e-01
-3.443360581913272878e-01
3.124851157057553230e-01
9.457351674851448564e-01
-2.412510794031121897e-01
9.498099565385880183e-01
6.926885662921504760e-01
5.809019264592776288e-01
-1.907470095571268676e-01
-9.723833739976242008e-01
7.804563568188069844e-01
7.404266642765866546e-01
7.035157234855846653e-01
-1.082367341528718274e-01
2.399924180501111781e-01
-8.872901822559462470e-01
-2.403072962757328845e-01
6.386032411415267784e-01
-2.715654797536222187e-01
-5.742043458290175817e-01
-9.048424111758046617e-01
-4.740202352860376500e-01
7.185879787392506213e-01
4.216912928739500188e-01
1.862084681054789748e-01
6.885006000057771747e-01
-4.470169659817413432e-02
-1.288167870788250458e-01
5.329511784213096792e-01
-3.095329647241733539e-01
3.333257141456695827e-01
-4.801154070128574869e-01
-3.497522558694940997e-01
-5.668010714686455565e-02
-7.360202598325364942e-01
7.403742673094899640e-01
-5.988174381556288228e-01
3.287497276647100009e-01
-1.234434073837535895e-01
1.949746985126981080e-01
5.389107184983983334e-01
8.988240668811964262e-01
3.945125782943701420e-01
-4.535079850056054074e-01
-8.868670535401275146e-01
5.362546306887439052e-02
-1.628761867965571319e-01
5.576713661338161820e-01
-2.511636336429337035e-01
7.309506614880356690e-01
-6.400314081185392023e-01
8.851220028232582582e-01
7.000425386611308642e-01
-3.732767977927111680e-01
2.330643372587390960e-01
3.187762314345834458e-01
-8.210971465401062375e-02
-8.769041943051882892e-01
-9.394288241631179037e-01
7.200149288944257542e-01
4.144085569218467491e-01
1.573048214683248069e-01
-5.310641086023506485e-01
4.266491300141836973e-01
9.352611060975402069e-01
-7.859610643041716749e-01
-9.118276012519526130e-01
-5.878410067291250929e-01
9.614695107178850009e-01
3.074532822244613328e-01
-8.874526789767567259e-02
-5.975595308414698437e-01
-3.781314475663775099e-01
1.587466048745480585e-01
-5.806510319988302804e-01
-5.721497005606195341e-01
6.699624740562404313e-02
-2.396065574083248162e-01
-6.688175247137635449e-01
3.167481742143583023e-01
-6.598042397332810616e-01
-9.770508074785888564e-01
-1.134935946445549959e-01
-2.076225491242560395e-01
8.490373100779831095e-01
-6.004459056141620010e-02
-3.212035322237165591e-01
4.816909540172658044e-01
-7.575201439051846286e-01
-7.016128905119802806e-01
-8.322505965926030314e-01
-9.546431598502842508e-01
-2.876574259485986662e-01
-9.780897720857366640e-01
9.817726451903217022e-01
2.125903982256218683e-01
-6.992701618687080511e-01
2.279087560390837819e-01
-6.906241151981482584e-01
-2.427258572036223860e-01
4.513652564938444023e-01
-9.891893528491713106e-02
8.065116787738513260e-02
-5.437456369585991212e-01
-3.010626538090825921e-01
-6.645340733822644452e-01
5.813002647061196182e-01
-8.942150382935976083e-02
5.511999061000192324e-01
8.127614223465289278e-01
9.649724692772383428e-01
6.583432489660252518e-01
-5.422743063153363519e-01
-9.515999154265275539e-01
1.883474866459169395e-01
-1.561808163202282884e-02
6.543627891483829728e-01
8.664068302630647533e-01
6.304794060875376083e-01
-5.740307366648216281e-01
2.588289685338664992e-01
5.995769367305072706e-01
-2.096060375392465591e-01
4.372816239099144298e-01
-5.582150723671031045e-02
7.883995956399187932e-01
4.954395401761841899e-01
-5.045555231906184712e-01
-9.151304715779320365e-01
-1.526447434859152796e-01
4.713709242916008790e-02
-2.861415157580646795e-01
-1.929878616815861037e-02
9.627886708896915557e-01
-1.086473628715476369e-01
6.421582127788993954e-01
6.559140676866364039e-01
-4.047527600950573401e-01
4.685242768950070857e-01
-7.806343178683254891e-01
-2.975429964122933146e-01
-4.342623205652651475e-01
-2.708668788566415131e-02
3.530301972337721583e-01
3.182176982746585114e-01
-6.716080039648049116e-01
-5.221154332295312450e-01
