2.801150705446400213e-01
1.972601944848155764e-01
7.921919693945467245e-01
4.418646787582158897e-01
5.429512862104899362e-01
-5.218049994424007743e-01
9.195683291976686213e-02
9.278058735066976315e-01
2.121048357886416991e-01
3.159484065082447390e-01
1.080641238944770599e-01
2.023555707689455030e-01
9.252064799102182047e-01
9.983137271034492333e-01
9.375796716674704712e-01
6.964881724194249557e-02
4.786505721563609761e-01
-7.220938997526016312e-01
1.866513699052079200e-01
7.651076410364618940e-01
5.587193105069874210e-01
7.292870015591490507e-02
7.521840974500069166e-01
-4.637817836879423172e-01
-7.358880349815275501e-01
-8.438994393963272778e-02
-8.124807547791763618e-01
-6.442652738719261141e-01
-5.650209707826954197e-01
9.600642274793202979e-02
-1.940355378092386562e-01
-6.893659135025631546e-01
1.415212178852485181e-01
9.607911958031287725e-01
2.788746996139173095e-01
3.333818261900753921e-01
5.312174254983177413e-01
-8.280975561373309368e-01
-5.299667878682829958e-01
-9.423571012384051038e-01
-3.913866348685950403e-01
1.822742195319038139e-02
-9.772927613070301334e-01
-7.473677770803768272e-01
-6.477552824990733260e-01
-1.770348795008716003e-01
5.500769550370143701e-01
2.501828318974144150e-01
7.168123726237274340e-02
9.718416367842670489e-01
1.330248431590412839e-01
-9.440359311664852093e-01
-8.372219648897325506e-01
7.606589172162374624e-01
3.888840107332296459e-01
3.812949445486484290e-01
9.350758272287391648e-01
-5.358689838138506190e-01
1.208981804494062562e-01
-2.657071467952167865e-01
-4.548905238769180848e-01
-6.196503650427487297e-01
7.998277216746152440e-02
-7.514365369886644164e-01
9.903687061528356761e-01
1.173269564989081193e-01
-6.415080125572314440e-01
-7.116842086479824303e-02
1.399720396893511243e-02
4.463528302387731461e-01
-6.446730520823735766e-01
-1.504587195447755210e-01
4.147804037498192820e-02
-4.173020199215191628e-01
8.600990429925727820e-01
7.509563837425032862e-01
5.046879563045425510e-01
-4.352213073968116408e-01
-5.036468531336795174e-01
2.117457130856359449e-01
-6.290907792209954330e-02
-4.290745429626559027e-01
9.983555875218288467e-01
-2.198686485667127322e-01
-1.721735260791728006e-01
-2.963352573210442653e-01
-9.001938370168534043e-01
-4.267928456195226872e-01
-3.689589081489548228e-01
3.850494707005787109e-01
4.256681330766516336e-01
-5.649957621098042893e-01
-2.850703442446891334e-01
-5.200242864395079323e-01
-5.074876284087876943e-01
-8.563715998173970778e-01
8.444677310693811112e-01
2.920277261221082554e-01
3.592818333082121729e-01
-1.795482263313850080e-01
-2.692105222918939056e-02
-1.622394682084502548e-01
2.761426084275502291e-01
-6.737055010231980390e-01
2.330876177196852250e-01
-9.670857260881295936e-01
-1.888525539161389766e-02
6.748840913178901779e-01
-5.107197882569933789e-01
7.282571160288795475e-01
-4.048189788099447739e-01
-8.265337544144391035e-01
-6.009504777305012535e-01
6.520618163294111813e-01
4.359514028116449058e-01
-9.579312008427209868e-01
-1.713865448959492888e-01
-7.767313149646011272e-01
-3.852200995250842919e-01
9.044176241616375123e-01
6.568619070723273889e-01
-2.885246201020703616e-01
-9.399051284727857336e-01
-4.421272837041323456e-02
8.644653004441411603e-01
-2.415496421478959821e-01
-6.866163510206573228e-01
1.203115657516058423e-01
6.450430287921360417e-01
-5.184439818661039645e-01
9.885536837415644928e-01
1.450131785328494516e-01
9.949508234679189655e-01
5.786299922840236754e-01
9.826426216693366911e-01
-6.249997392355117753e-01
7.290011841919290525e-01
6.459234788636369906e-01
-2.574287981028235972e-01
-9.388471167477829837e-02
5.453705421362611272e-01
9.355765817424999131e-01
4.094634646583994453e-02
-2.801095834432447695e-01
-7.500486801893502253e-01
-2.442572252319508141e-01
-8.738040581438737409e-01
2.161763141282004863e-01
1.706948382367561301e-01
8.025953074162197609e-01
9.629475469644195318e-01
-5.878624112256167766e-01
7.056006712742621811e-01
-7.618001169591066546e-01
5.993248821529510995e-01
7.906506048550965282e-01
-9.632548554223034909e-01
1.691679430046146848e-01
-5.064029215313012866e-01
-4.567887081823946982e-01
-7.104275575102219076e-01
-3.622103312735482916e-01
4.198945552443000828e-01
-4.422136431053240724e-01
1.734956505723244113e-01
-4.158354071117944528e-01
-5.408709476445230369e-01
8.437866997434013694e-01
-8.870711702626430384e-01
-6.132606081779488072e-01
-1.631851715643595213e-02
8.552657452535961102e-01
-1.903330156222182712e-01
-8.791555347609660842e-01
7.461492918394587726e-01
-1.004486050156063737e-01
-1.788186063303960349e-01
-4.200934837975187630e-01
5.151707485630818706e-01
1.809038866883156960e-01
3.582689638948954869e-01
8.437727728620965095e-01
4.545517749894965043e-01
-3.086874264920256294e-01
2.863531276350232968e-01
-7.413032987061665136e-01
9.008409750938588534e-01
-2.901739443432869159e-01
3.989350702485494615e-02
2.965536931496453033e-01
8.648259252478363024e-03
6.075988334471049690e-01
-4.113959964226532318e-01
-1.901253892115422062e-01
-9.795500163064818633e-01
-1.194357917573876104e-01
9.822465971972571541e-01
4.934620033395160643e-01
-2.251325325764108598e-02
-4.549035846059423793e-01
7.743486714263245752e-01
-3.301107731439989479e-03
-6.661550653910615072e-01
3.513668186124074833e-01
8.550576151019309012e-01
4.080027791829172745e-01
4.339866400879912600e-01
-6.952032786989421620e-01
-8.696421130192062421e-01
9.406184353082507332e-01
-3.103171514544671439e-01
-8.142987000115959884e-01
-2.459026230731884421e-01
9.637030450365615675e-01
2.936426825850269040e-05
-4.854801297291495565e-01
2.331887481474481660e-02
7.968217067948992760e-01
-5.304010649309405245e-01
6.448147046762917611e-01
8.035978565113557348e-01
-6.397733341874072277e-01
-9.618779167005331310e-02
-3.877440299909697963e-01
-1.093080622721163131e-01
-6.637403305971312228e-01
-3.340861360010840553e-01
-4.411641700624235884e-01
4.025449274145540546e-01
-4.144124425311082049e-01
6.499432921851577838e-02
3.762326077387492251e-01
5.411150324378832810e-01
-5.253252053271644240e-01
-3.718313225011631307e-01
-8.585285351605960180e-01
-9.170621592540331157e-01
3.499167369534290639e-01
-1.997825883153716564e-01
6.639174207431208785e-03
-8.948758098327491695e-01
7.337854628767466192e-01
9.310115582311384586e-01
7.345778610572939460e-01
-8.455300660669722301e-01
-9.879089908067335557e-01
6.904551297034262625e-01
-7.983206749986178075e-01
-1.093464455369832500e-01
5.814079739230351151e-01
5.511378221653344678e-01
-3.484708132119564983e-01
-6.154611106692042810e-01
-8.462068802632047859e-01
1.500539709314399062e-01
8.120316390574249255e-01
5.307627059671888858e-01
-3.995704947082010516e-01
-6.760497672490486387e-01
-3.559850013922496448e-01
3.925274873070425663e-01
-6.128609780776110849e-01
8.237840685147590492e-01
3.174759323958640245e-01
-7.121788547263983027e-01
