7.113374313161813234e-02
9.282509031803274357e-01
-5.419924098380208832e-01
2.627632789339380270e-01
-4.617894097701569223e-01
-5.259436918772948388e-01
5.876654799872880197e-01
-1.829177197247127129e-01
-7.025758752307027510e-01
8.190699877030171994e-01
-2.392318025247310853e-01
1.349110078570678883e-01
7.881728062749440156e-01
1.870237858626326855e-01
-9.646154771314428000e-01
1.731910216691727733e-01
-8.446218011921604596e-01
8.315852058849193540e-01
3.043394383699093986e-02
-4.691128323506850162e-01
-3.336422704321477806e-01
-9.660588892175248077e-04
-3.925375972350408915e-01
5.286188531491016196e-01
-7.070072317865667699e-01
1.552527991982430855e-01
5.254540660938458174e-01
5.295127992308805709e-01
3.755688503209038132e-01
1.487292883129405219e-01
9.713274313556217177e-01
3.869090625390008142e-01
3.100679101850261077e-01
-7.129745068124515583e-02
9.634107431862353188e-01
-8.148851453050511839e-01
4.893506217983567552e-03
-4.393674687983784022e-01
9.343529132510579593e-01
5.776770998360856169e-01
-4.523698773126958450e-01
-1.548658628670642745e-01
-7.898847148086030057e-01
1.297553840979512874e-01
5.733227371277260787e-01
-8.438657445630550757e-01
5.837206198503515076e-01
-4.347101761795986175e-01
-3.676809954721560469e-01
8.226576674232950470e-01
6.614221969408835555e-01
-5.380548201098744876e-01
6.238533880859866709e-01
3.860960137650015778e-01
5.271229444112091045e-01
6.308424363454629979e-01
1.526341625536442592e-01
-1.292406090154016862e-01
8.302644753885637385e-01
-8.187824837756101370e-01
6.106339522954673527e-02
-4.041347732237920987e-02
-1.580413786410728161e-01
5.125783110710988577e-01
1.270699156424348608e-01
4.703312245884663234e-01
6.127148824119315051e-01
8.792208341691973850e-01
-5.916529413821085548e-01
-9.541149309122225475e-01
-9.979590921405681048e-01
3.793609278068925672e-01
-8.561286608338087856e-01
1.719764446072347130e-01
3.897093551262420519e-01
-4.300832281142299429e-01
8.465450645891512416e-01
-6.922757364345000219e-01
5.848263758806315771e-02
-3.803587338418159547e-01
-6.808825740877948451e-01
-6.758387856375474012e-01
-8.212074273642688826e-01
-8.007614721920013334e-01
-9.105577489596521357e-01
8.137411350350383099e-01
-6.975668651525950281e-01
-2.192502542988143954e-01
9.541702181075026878e-01
1.199855482481095859e-01
-8.073315943836092412e-01
5.707795475845736100e-01
-7.190942500441470653e-01
3.989147754551685132e-01
1.607794285249180000e-01
-1.911117151535413061e-01
-8.690448933364736117e-01
8.772670768431318766e-01
-4.746956110578457455e-01
7.120370241431788205e-01
-2.132646307321766077e-01
-7.491308105077305601e-01
4.483671273381972799e-01
-9.709388423705100912e-01
-7.267451221595395694e-01
-4.165372981568213895e-01
-3.130410647918779876e-01
7.318688807578495048e-01
-5.912436424440841165e-01
-6.086767793089475909e-01
9.341435785599310204e-01
4.707999831640776733e-01
8.971488141560706175e-01
-3.535052655612886952e-01
-1.932229668891840557e-01
1.346882825949664575e-01
-9.266709325166473388e-01
-7.730424001577196336e-03
3.567411938463966870e-01
5.318501715796288831e-01
6.408515646647128250e-02
9.505693608690406471e-01
-8.634317082199798321e-01
9.624148838156536545e-01
8.364878078569155662e-01
2.444012109170718983e-01
-6.838438289060879693e-01
-2.515339616673104572e-01
-8.964660224897118557e-01
-5.094372057288243383e-01
4.766707341480205251e-01
-1.123423411317387988e-01
9.872950850673745116e-02
-1.781283657325087866e-01
4.828763661601760404e-01
5.198251244101750324e-01
9.078017453309827900e-03
-6.688083500246480018e-01
-8.257408877516916323e-01
-4.780367090610040393e-01
8.813566646963626461e-01
-8.114573876365507310e-01
-7.145914942724576058e-01
7.989877344121554259e-01
-1.289228112503462143e-01
3.600301788372823886e-01
2.264573332867685362e-01
-2.738170294175297226e-01
4.172449900090393626e-01
-9.707609611782277437e-01
2.281031131376756171e-01
3.222107812616770151e-01
3.560228332955643893e-01
8.682848066429791345e-01
1.641298667422685931e-01
-5.085541638308108681e-01
-8.529261750905736683e-01
4.026988728492455483e-01
-2.888840665872081104e-01
4.248471218668752325e-01
7.185537846851164367e-01
1.070807094851984331e-01
8.745406581065784390e-01
-8.824569158122530510e-02
1.518709319851794248e-01
-8.640545073352965399e-01
5.327050961400900952e-01
4.505644650405187246e-01
-9.677844798923289638e-01
-2.051121077961310935e-01
-5.344774037471489159e-01
6.709246529664265601e-01
4.725714217015120067e-01
-9.126518086607571245e-01
5.234375600881631119e-01
3.133201505659841679e-01
9.856905518389937892e-01
-5.515463843981023295e-01
5.168380489602701910e-01
-4.029698038572362417e-01
-7.440000035386917787e-01
6.408882567378137995e-01
-5.404461890568466043e-01
-9.588028999667868035e-01
8.110387116003066055e-01
7.022821190789914070e-01
-4.460152790509797072e-02
1.937637729674313025e-01
3.566832612523249679e-01
-9.139959186168946648e-01
8.746933515219801336e-02
2.082069179599574937e-01
-5.893483497856366604e-01
9.244055249338452018e-01
-6.310718978246829813e-01
3.982336618221740121e-01
1.245769910448952800e-01
1.015973966704120102e-02
1.033287840630559007e-01
-1.984630950052408416e-01
2.980251787274528219e-01
8.018461423454399384e-01
-4.493204260608467671e-01
2.870599225524639309e-02
9.550379335851295615e-01
7.274339890391610108e-01
-1.544279461897954953e-01
-6.042926173143841062e-01
6.763015850414986208e-01
-5.298363770686773666e-01
-5.074842036032531922e-01
1.782206460066273479e-01
6.738435630879346938e-02
5.545546017321281163e-01
-7.187200031924929622e-01
-8.263648083396071264e-01
-4.692545744015517162e-01
-1.326346484200657816e-01
9.752699569877238961e-01
3.626185568172741736e-01
1.151838874763351228e-01
-9.577466030775876327e-01
7.900071752140640502e-01
5.880703467400345552e-01
7.384222183269661954e-02
-3.210214305364833542e-02
-9.748677574263504564e-01
-6.554791056135107485e-01
2.557000793519916826e-01
5.660838198180104808e-01
-9.329063547069023077e-01
1.359665668857918952e-01
7.284418230766764868e-01
-7.493671099651828538e-01
-5.574578329154946665e-01
6.015605553165865871e-01
4.542311864136709953e-01
6.737246245110291021e-01
2.317559046801940248e-01
7.541895493441643783e-01
4.481154237573881094e-01
-6.031081344851876302e-01
-8.421795911924023770e-02
-3.869919257209795127e-01
5.064915110355048267e-01
-3.456638880213926956e-01
5.565719876977608394e-01
2.740143229245848300e-01
-1.464025569320006603e-01
2.940069451196807293e-01
-9.615500014507794013e-02
1.588950869818492873e-01
1.319398593217666615e-01
3.217473122855840639e-01
-4.921976805320924520e-01
-5.440176270693293237e-01
6.151391778832726587e-03
9.538190065895981729e-01
1.442997571493236375e-01
-4.939598251397168127e-01
-7.444579289238000275e-01
9.750713097334773316e-02
-9.948532189592489416e-01
-3.181817121781951307e-01
4.129451357706290793e-01
