-3.997406099989129213e-01
1.584654109219845175e-01
5.600039493022310744e-01
-1.261780616055863113e-01
-8.267003989094570127e-01
-4.681374914269846865e-01
7.135985351952274236e-01
3.089921440925946783e-02
-9.609570640168696443e-01
-3.532636197058627303e-01
-7.572620241955010378e-01
1.045895389736033465e-01
-4.330824684716043649e-01
-3.133513210155729478e-01
1.841007392780147356e-03
2.597645799693111268e-01
6.027356734277817818e-01
-1.865851956578765680e-01
-8.362339400969047709e-01
-4.989697409579154641e-01
5.257636351148420317e-01
2.995020244567503376e-01
-8.651348682874735463e-01
4.642020889254252491e-01
6.795700229741830078e-01
3.463750820498947558e-01
-4.314877644795014344e-01
7.888959529936334647e-01
6.479713049564441718e-01
3.272187377339328407e-01
-3.213543162783789597e-01
-2.358243666086194956e-01
3.281734752794647214e-01
-6.654071794203699763e-01
-6.147424372457725994e-01
6.390767170722424506e-01
-5.985239219220519491e-01
-5.259489381772501915e-01
-4.103293276255162159e-01
4.355714875570315670e-01
-5.171622040689245470e-01
8.411178196449868860e-01
1.826950554797392989e-01
-3.151861804537277045e-01
-9.099003060997623571e-02
3.557487204714393503e-01
-5.637266790372896796e-01
-9.998621036245700644e-01
2.562650942238888785e-01
3.734165757639185124e-02
7.164857212743378501e-01
-4.513241831617336164e-01
3.726525521367509697e-01
-9.497025355165462646e-01
8.921688461385128832e-01
-7.218278738889423174e-01
5.724293248448788507e-01
6.758182838753932220e-01
9.675346647666007716e-01
7.898571169581432017e-01
1.647538229214673411e-01
-8.099400784600938596e-01
-5.956657465467387613e-01
-3.753923176083340252e-01
4.618867503053254442e-01
2.883702948578856784e-01
-8.720351621501758466e-01
5.683759100190166613e-02
9.180433676200199233e-01
-3.969518044809163815e-01
-6.805966399949365808e-01
-6.588167745567696798e-03
-4.638674800944646570e-01
3.273901885425753999e-01
-3.017275969692259086e-01
-1.871497057828481747e-01
1.852415710908414948e-01
8.438305886742458739e-01
4.645536582304865547e-01
-2.282713220501686457e-02
-6.856563875195851310e-01
8.853641846014532746e-01
3.140535016180723282e-01
9.905793254185590868e-01
4.621215393411293171e-01
-6.106449670180802425e-01
-3.684057792006016907e-01
-6.983050412277349572e-01
-6.673821752922739492e-01
-8.812358419067105597e-01
5.303015918633136039e-02
-4.096601654703950768e-01
7.008552834987260560e-01
6.614914383885928117e-01
-4.215035643683080480e-01
3.023533649269256607e-01
-6.075806834031833858e-01
5.394351793440352871e-01
3.927761831843319396e-01
5.401081816599178076e-01
-6.232599654324963989e-01
4.188037930086268013e-01
-8.145555332810767712e-01
4.841115376097981926e-01
-8.758154343622304161e-02
-6.449170704546538513e-01
-7.578715376900568845e-01
-7.475871126774802367e-01
-9.436066061441099606e-01
-7.515948127031371051e-01
-2.759953151339680222e-01
-2.670578100525629051e-01
5.392429306395836175e-01
9.824330895874471281e-01
-8.029269942139511951e-01
-7.272442171632806929e-01
8.569290629847854390e-01
6.755545284560318109e-01
-7.404172500037402571e-01
-5.717319438015795452e-01
4.178348276227419333e-01
-9.837761777076492464e-02
-7.130750895856188265e-01
-3.810484801817815015e-01
2.759151371623467242e-01
-4.565461925318721192e-01
-2.516137115329515339e-01
3.360657342920050361e-01
8.038663662243776820e-01
-1.598722154586322830e-01
-3.632528082771928624e-01
-7.908373613223518284e-01
-7.759228002398352864e-01
-2.615201198046479547e-02
-1.739264690366075783e-01
6.345754729919672599e-02
-5.275991450446948505e-01
2.905249335939548150e-01
5.243786520056783473e-01
6.840559858523931336e-01
8.574893336506119734e-01
-9.435182234245640398e-01
9.052037712208325093e-01
-4.549576213298991423e-01
8.946202004945338349e-01
7.836626261903465451e-01
3.748363003178718511e-01
-2.348128704229270891e-01
2.654915305378355850e-01
1.532856140205720585e-01
-8.963112207709555967e-01
-2.273237073709630796e-01
-3.180552685586963690e-01
-9.596330880838661592e-01
8.309936502609442943e-01
4.977663670815484220e-01
-7.655105629227805242e-01
-6.230198233066941427e-01
-5.736271243068611358e-01
-4.924521633698579759e-01
5.240000676714655636e-01
1.820040267100433429e-01
-8.495032119015539784e-01
-8.549687376249583970e-01
-9.457791490413858249e-01
-3.440781117914608611e-01
2.753797707723504296e-02
3.176553888526507663e-01
2.691662196783917160e-02
3.619620545744974827e-01
2.007334869495525087e-01
-5.085461178703831742e-02
-8.219871556575404359e-01
1.863194772933811638e-01
2.635548526727575780e-01
9.378462062335437555e-01
-5.488168791184309114e-01
-9.842104246866689721e-02
9.728293904285452154e-01
3.416849048397807564e-01
-5.586935517471174339e-01
2.918997712119346666e-01
-2.166274596774953043e-01
2.824664246297161618e-01
8.524524766595753533e-02
-3.216731698142696327e-01
-6.746314510336515191e-02
-4.101176440794718214e-01
6.763287774770398997e-02
3.916381441252678730e-01
5.420778621469513059e-01
6.986899038591727340e-01
9.606803965740766671e-01
2.334143766327156921e-01
-6.016435135765365594e-01
6.109637707650301675e-01
-8.061914373214005280e-01
-1.644530181116317102e-01
9.856816771071474914e-01
-8.254084159810337606e-01
-1.250653059907969045e-02
5.699339274463333105e-01
1.441116823688259885e-01
-2.443286943571931769e-01
-5.505569106709777838e-01
-3.070779800110308155e-01
-3.023113017096363819e-01
-9.772644914573636044e-03
6.324694671207065078e-01
-3.908829427516260502e-01
-5.505674377465901159e-01
-3.485648267976981796e-01
5.656397241853108326e-01
-4.491049719061239731e-01
-2.725919508786007750e-01
-3.715471901475724259e-01
1.050338947660327538e-01
-2.757516653967380105e-01
-7.411738502033871079e-02
4.290351495711579588e-01
4.179141313997327689e-01
-1.702719158915961817e-01
8.820526744282468634e-01
-7.707852860318993304e-01
-1.409371743296270463e-01
9.247696155259688133e-01
-8.407009396185800565e-01
-4.035937026297131691e-01
-1.700506621031616650e-01
1.063392882933782424e-01
-5.957126290816396885e-01
5.288213923287212737e-01
2.069947827548934693e-01
7.978718645915829910e-01
-5.661559435787075767e-01
-8.088653134769812070e-01
8.831770086176078394e-01
-8.951020902366368936e-02
9.989130542612625341e-01
-3.507056131377785935e-01
-3.490507086912009171e-01
-9.541167736942999245e-01
-9.412055155815051144e-01
4.169985233210431463e-01
3.384152665739292853e-01
-8.195059438231784288e-01
-7.578736986080589766e-01
-9.011716146262045424e-01
-2.437567031522565042e-01
-4.971432008689571358e-01
-3.728785030771095688e-01
-8.102234551546896313e-01
-9.501216386399560232e-01
-3.883404224138806704e-01
-4.972752376727849200e-01
-6.269784375356735051e-01
-4.443754732399174401e-02
5.326978004706337533e-01
8.934357818031539722e-01
8.286705960244724611e-01
-5.174132841050784748e-01
-1.318721924354782082e-01
-1.170398121550642045e-01
6.299339967147421504e-02
-4.803771065797544093e-01
