7.341973713941696289e-01
1.577622728405514430e-01
2.879912999507989180e-01
3.139375689379297896e-02
8.733616878878072698e-02
-1.474514847703101150e-01
-4.387002186387652103e-02
1.557820699740198878e-01
-2.081123165130729369e-01
-5.037321658345486064e-01
-3.885989432051029646e-01
-6.920372178109009953e-01
3.671200229774261303e-01
9.905336224581662297e-02
-6.440410510130412103e-01
1.950663677514304084e-02
8.858597720783353280e-01
5.988910922962047412e-01
-4.868428871865386753e-01
-7.235275251918464878e-01
-3.160011168202778165e-01
1.457832947327208917e-01
-9.819309471948753920e-01
-2.627922402571942762e-01
3.828755274093142980e-02
-8.618533864824102775e-01
-8.641867517747352512e-01
6.531209991721982355e-01
-9.279626344814217997e-01
8.345160257352960409e-01
-1.162798205620885206e-02
1.335792030263224239e-01
7.919109401594828790e-02
2.495762706204026349e-01
2.026234892675980448e-01
8.678659143382961849e-01
8.191757083730344391e-01
-2.064283834778641302e-01
-3.016591477614112282e-01
2.036672889358390193e-01
-9.209998598130653136e-01
-8.479091700512114693e-01
-8.756066249731463413e-01
-7.002895287982793260e-01
-4.446017616360409264e-02
-7.756263694143102905e-01
8.251448097732222431e-02
1.938950429593266911e-01
-9.743687792667197201e-01
9.789574603990547352e-01
2.781400823692348756e-01
6.637651731914477882e-01
-4.912378201153505541e-02
4.103071739704923226e-01
1.505754197624972757e-01
-3.627153509485085969e-01
-5.117477569419722760e-01
9.648934149812651295e-01
2.712108092118542535e-01
4.084260972334669004e-02
5.449674497075589485e-01
7.640055317645588762e-02
-3.127819158965208235e-01
6.720970834251647208e-01
8.920001191623824210e-01
3.415364077921615449e-01
6.462002098850200271e-01
-8.036695851900479415e-01
4.069376277516988383e-01
9.278081494461369871e-01
-2.665929883557985880e-01
4.297938355759293172e-01
-1.874552977878036764e-01
-5.231287054457367525e-01
-9.551079073443624612e-01
9.435861114250754245e-02
-9.478386917305876569e-01
-6.452297218930882483e-01
8.224523934656318147e-01
-4.975845887067859574e-01
3.344959955581476296e-01
5.262968808165371382e-01
-8.014044741146313378e-01
-9.609075651749403590e-01
2.222775239605565833e-01
-5.928378649958733482e-02
7.062931152852068850e-01
-7.612166720681357024e-01
-8.943464282823885281e-01
4.076766052218209202e-01
4.764581188336871609e-01
-4.056686155458130716e-01
8.496123875906407275e-01
-6.091323580253733549e-01
-4.700313972793007666e-01
-1.815517329836593419e-01
-8.061341864870985585e-01
6.118987254327807879e-01
-3.147509001688245101e-01
5.255794077428075362e-01
6.323972403845065093e-01
-6.972445127317530300e-01
-1.292791567674235753e-01
1.910033517988635188e-01
2.732699965120286012e-01
-5.534299492795706765e-01
2.517344505938823307e-03
-2.505315395216856089e-01
-3.420624631361091628e-01
-2.251873038931957449e-01
-5.074714998779341624e-01
-6.750066314740421625e-01
-5.764654678835086088e-01
5.613163239266255600e-02
-1.660622532473753632e-01
-5.972514763815414129e-01
7.862982396479907266e-01
1.002960735757123523e-01
-5.942889630350738361e-01
8.492205954824864067e-01
-3.531604805236863154e-01
-7.048795970658465748e-01
-4.079293771878602093e-01
2.669589607924806596e-01
-2.734424769569886449e-01
-4.624271273546453065e-01
1.751057463986739893e-01
1.480678701269328434e-01
-1.178088707836950494e-01
8.026270626585461088e-01
4.962234952558352563e-01
1.660105920887816611e-01
5.537714663399309067e-01
-3.187868538647602445e-01
4.440552748704224006e-01
-4.055458331776461978e-01
-3.262587715319167359e-01
-3.022401311430785165e-01
-8.686507801708770460e-02
-6.316357534865348899e-01
2.543127276883384025e-01
-7.212180569718934509e-01
-2.263629159133862534e-01
-2.297957402506954072e-01
3.725287131862518586e-01
4.373080873629621723e-01
-1.480375965648344228e-01
1.372962024845177931e-01
-5.233709799945773788e-01
-1.892254393969061699e-03
-8.039780525645934262e-02
2.698136616693790901e-01
5.378403081393806628e-01
-5.932658082027641999e-01
-6.204891537424179759e-01
-2.567905491498533310e-01
-7.329439137427338213e-01
5.103922573534362961e-01
5.175915215085046261e-01
-1.262379744527346581e-01
-4.544617433775456350e-01
9.024574964279065137e-01
6.059318786285435854e-01
-5.683471205862710152e-01
-7.141475609278206127e-01
1.582271221850607423e-01
3.022241544571930838e-01
-1.224892993708980860e-01
-3.233689492705782431e-01
-1.738857115179132107e-01
7.717166851411962902e-01
6.488533732822214795e-01
9.629409140668818701e-01
6.234738016110290548e-01
7.320369513460688315e-01
1.361044396222635955e-01
2.313314827291634845e-03
3.564491751606910785e-01
-1.078677988186033665e-01
-3.501652963617775671e-01
-5.093176671465068361e-01
3.390464020780500354e-01
7.600370655416173182e-01
9.260040264026409007e-01
8.658598921632230105e-01
5.776783811044631234e-01
-3.135023363415138653e-01
8.829580001479144791e-01
-7.050074394759997531e-01
-7.154991233945436901e-01
4.184727761866794404e-01
-6.851876573508022261e-01
-4.972234001447176643e-01
6.471797338765433727e-01
6.588046656059969308e-01
6.485941281334721698e-01
3.200386473118767561e-01
-5.432521295437515718e-01
1.895162479571969039e-01
-3.228566907248247575e-01
2.414973651717837455e-01
-5.207319411439600421e-01
2.006820756900360436e-01
-2.469155285197219274e-01
5.208243062530595324e-01
2.556524036061870175e-01
-7.634731854871370516e-01
-3.688181116786418690e-01
3.387259329642524630e-01
5.475936914267025557e-01
3.378218934847278532e-01
-2.982024916654882896e-01
2.658301998505528951e-01
2.409781960173823512e-01
4.356673040062500890e-01
7.539664586733689777e-01
3.972656188670665722e-01
8.654185274146473095e-01
-6.015280238943785385e-01
-4.156475080169315106e-01
-6.952965717563097670e-03
-8.527900532773097231e-02
-1.542183484537518190e-02
9.221068697137055903e-01
-6.895882337130710971e-01
6.647955241338635579e-01
-3.603928481939758788e-01
-1.317801384936219677e-01
7.493605342652785994e-01
-1.862329527062526191e-01
-4.565126379485728858e-01
-7.205878624442441094e-01
-3.598329161358327921e-01
1.850057927263853708e-01
-1.369957634127982882e-01
-7.669206888234032515e-01
6.305583467796566088e-02
2.706992573597320484e-01
-4.423343439707055347e-01
6.956677923867471414e-01
-9.312643393989834539e-01
-1.143462005569782503e-01
-2.421581417962044291e-01
-3.163602952340193175e-01
7.722241070263449192e-01
-9.192819578878845821e-01
1.136348789773563572e-01
-6.298446717406165352e-01
4.843535616399908816e-01
-8.444775872787637638e-01
-3.881691260239525931e-01
-9.829841050022184445e-01
7.170378845043506866e-02
7.083159237004328368e-01
-9.206889429190370233e-01
6.928165639316665736e-01
-4.816211773838533494e-01
1.689292646283392652e-01
-9.810737607845758657e-01
6.116902649929146785e-01
-5.330841782754749403e-01
-4.582843255983079511e-01
6.187340648646950658e-01
5.382781307822868122e-01
2.006518031800109403e-01
