-2.810853545477632331e-01
8.608607075607088710e-01
2.208620621080215063e-01
5.944527256909544199e-01
7.103385847361829430e-01
7.938882656459902987e-02
3.898699111946237750e-01
-1.355163744618326782e-01
-6.960980090713179136e-01
-5.996610647238442837e-01
1.923056711318360534e-01
-7.742304665616890347e-01
-2.022207946148111835e-01
6.997227954010111217e-01
6.082028098482559209e-01
6.055772967355030900e-01
9.263879743002565448e-01
1.974758571584047662e-01
8.766154871003182247e-01
3.936471960880505994e-01
9.373538790312426761e-01
-1.071739043432821947e-01
-5.138466663857719219e-01
8.865367980573680973e-02
-6.325565802177155472e-01
1.201586877432192502e-01
-4.361877937386514636e-01
-3.493481655191240653e-01
-3.081521610813777734e-01
8.709024652491637042e-01
-2.031081821772225474e-02
-4.451791646891911647e-02
-3.269496790622341553e-01
-8.919516287827149448e-01
6.482207732043824278e-01
7.840159920611561306e-02
-1.084068181822272353e-01
-2.792081080502529233e-01
1.994912380468189528e-01
3.274248730205233660e-01
-5.914326195142193265e-01
9.598699273759188078e-01
-5.573311614657143753e-01
3.783443936360209037e-02
-6.642726349920303752e-01
-3.981841463107482215e-01
7.157888763806263821e-02
2.115311772393480283e-01
-4.381494975667672431e-01
1.149505177819151180e-01
6.912934672474971842e-01
-9.398922189119065518e-01
5.751275820454382348e-01
6.255413302311082502e-01
6.282456286574795712e-01
-1.014839679231515635e-01
-5.782740785881550494e-01
8.488835337774447432e-01
-3.156960806914300699e-01
2.459770579311348904e-02
4.035992684136779363e-01
2.006351897378239046e-01
-5.633491689727352369e-01
-7.022711919511902545e-01
5.121270862336286811e-01
8.512528922873306980e-01
-3.459477636789390353e-01
2.454741541902557000e-01
8.461528852261805955e-01
3.500280654585513629e-02
-8.534822456450448236e-01
8.219453301695764380e-02
9.749116502681662855e-01
-3.746096759547192789e-01
-1.610739429678035850e-01
-3.411353305141970882e-01
-2.888764252844813751e-01
-5.727062278107175608e-02
-4.255618354043502194e-01
-2.730252301710539009e-01
4.509703525761614706e-01
7.897858767196241914e-02
2.728223672422435686e-01
4.421717333350713153e-01
-5.521903882844492184e-01
-7.160147380688716146e-01
-6.092818048620245452e-01
3.224279045221880580e-01
-5.850841015576859760e-01
-9.422886530343329570e-01
-3.301603780528273857e-01
7.364163561064229757e-01
-6.416461565715209092e-01
4.109858751550621858e-01
-8.982277315267308548e-01
5.530459648692200858e-01
-6.280685636056454468e-01
-1.719249338592654941e-01
-1.764131147876374928e-01
-1.145731246050504804e-01
-7.470521905237947902e-01
6.279873632396260064e-01
-4.541303028931334418e-01
8.608799297808958917e-01
8.403017816489967151e-01
1.659373831387636611e-01
3.540151297822002885e-02
3.900895081215241533e-01
-4.728383240116156294e-01
-9.825074172776380177e-01
-6.646534035700960574e-01
1.364634212507743749e-01
-3.748621752521527073e-01
-1.732322824806340200e-01
1.375276543847483990e-02
6.822853276502025555e-01
-7.500310228551140268e-01
-2.681089989768009607e-02
2.383627337156382087e-01
-8.647670075923188371e-01
-4.996234915078503480e-01
2.002380776924085337e-01
1.779536184320271719e-01
3.471229237249319755e-01
7.355383707564984164e-01
5.892810718996460695e-01
4.045631991071950151e-01
-2.609091237375057437e-01
-6.728963694148654140e-01
1.180767792189854060e-01
3.867789191154691331e-01
-3.513074855453660050e-01
-3.633831554666294150e-01
6.176933605065964006e-01
9.460154245542318208e-02
2.284229815416060072e-01
-4.059775413926184906e-01
5.142112816978589018e-02
3.360263731343328120e-01
2.909553466465014115e-01
4.353433512845700792e-01
-2.759934850197610090e-01
2.391955692895405550e-01
1.696776522369197182e-01
-6.593684998997750846e-01
1.320845819460053638e-02
-2.724240251010318081e-01
1.198783898235919465e-01
4.522472980605980464e-01
1.219328721268426174e-01
-1.649694572945756277e-02
-5.219946843627580879e-01
-5.742825476806462381e-01
2.024242276453482869e-01
-1.172287079346230332e-01
-7.536834429876584363e-01
4.293381783420577857e-01
-9.304678978932117150e-01
8.320495978775477308e-01
-4.229920791941923497e-01
3.696898159116141502e-01
-1.280761400873409173e-01
-6.576923453266977360e-01
3.986801576977940242e-01
3.409834215250580058e-01
-2.158306612346183595e-02
-2.061072385272551544e-01
-7.091023073259447029e-01
-8.314509977001697250e-01
6.049924379319233658e-01
-4.983610286105384923e-01
-4.928801806828464471e-02
6.420683407023355382e-01
8.978391936622820424e-01
5.324781198423380602e-01
5.347494382396551504e-01
-7.757066099712836005e-01
-2.886143897111748124e-02
-1.116660285028857058e-01
-4.421376075149483498e-01
9.799020256143788909e-01
9.344415014733277181e-01
8.332446436927309907e-01
1.211953764499303365e-01
5.164208953207880537e-01
8.443976792802079800e-02
-2.907806113413260451e-01
-2.218844808804151802e-01
9.006957744349032291e-01
9.626155968445821998e-01
4.194809918466636534e-01
7.511319027707787921e-01
-7.323787234192069562e-01
-6.691507758232054792e-01
1.850309567174369674e-01
-2.796001527696382327e-01
-9.189963255091837535e-02
4.810465928824075865e-01
8.471572716464081942e-02
3.105093408012798983e-01
3.003913330205767451e-01
-8.783096264741452330e-02
8.770713749532123016e-01
-9.492693777206212546e-01
-8.075890959488419840e-01
3.772023304817521128e-01
8.901105737533713258e-01
9.641656050712575921e-01
5.116988393028225612e-01
-9.019469722118846899e-01
-1.435545492901136866e-01
-1.459479355467013795e-01
-3.264213162580694716e-01
3.960206527561572765e-01
3.118734120499492279e-01
3.074241364685322830e-01
3.310789460775589443e-01
-2.292819545626856303e-01
5.346746665255340814e-01
-9.922614145842506561e-01
-3.864284053792245155e-01
-6.393085665610866997e-01
-2.235375214359502094e-01
-1.831716906801659217e-01
7.120491244998659042e-01
-7.819024640023788386e-01
1.009901159313601471e-01
2.003775767479045733e-01
8.986030717819508684e-01
2.234757772964826861e-01
-8.890920478479782396e-01
-4.131370513277374812e-01
-7.306604261662952293e-02
6.454126402554631881e-01
2.782644789890110770e-01
-8.567885362576743713e-01
5.352762953998638773e-01
8.461944048851115507e-01
9.681633271026924836e-01
3.544382030045023502e-01
7.087069965204662036e-02
-6.987657242137709224e-01
1.232773119928302630e-01
-3.475729641344247334e-01
-6.197767185072179386e-01
-8.003259216616626093e-02
-4.108627820005811282e-01
1.758079758427686379e-01
7.560561683627852192e-01
-7.090919336891911007e-01
-1.995501513052955200e-01
-3.069822312184483648e-01
-3.503250784367168968e-01
-5.611215340723050282e-01
-2.618073433861385912e-01
-2.798420141246362736e-01
3.391073678944336867e-01
5.671848881884773430e-01
7.826855284477829411e-01
-3.218018265959901592e-01
-9.338081690008782632e-01
7.490333671177544783e-01
2.313660204366133621e-01
3.766671674332065511e-01
-4.504530066324036741e-01
