3.253639221727399056e-01
5.935864795202518973e-01
-7.524106654143472572e-02
-5.397847022938059292e-01
4.918646914917861324e-01
2.937254349150986155e-02
-7.273934183298337297e-01
7.305029621691756514e-01
-1.161198790569390460e-01
-1.214280361527119156e-01
3.436225758304781164e-02
-1.052687186701520283e-01
-2.100642837383265848e-01
7.945408852184142612e-01
-2.035949896690241179e-01
4.472265908023295156e-01
-7.050891670234948894e-02
8.024069734941140508e-01
-4.903328384180869470e-01
8.537816532324911112e-01
1.944606205126129250e-01
-8.718013911573950780e-01
6.109459881797834058e-01
-5.589092904352085389e-01
2.904003079240357055e-01
-2.870679546864109977e-01
9.235228566849842391e-01
-5.375631496311299440e-01
-7.877153484284140639e-01
-8.184305864507223083e-01
-2.524669706303850347e-01
6.870352411989034680e-01
-8.084604914373347828e-01
5.488710400743660456e-01
8.317225320249073128e-01
2.737939198797093021e-01
-8.516649965642402176e-01
-5.422768998531517504e-01
5.141824775790804214e-01
5.473197372005083050e-01
-7.541744810611095140e-01
-2.345134129930680489e-01
9.777543595725612935e-02
1.387706188954720421e-01
-7.338644308168331687e-01
-5.024963580025032517e-02
-1.977323320966116738e-01
-1.203827804886150599e-01
3.013225227983399312e-01
3.733290157861125502e-01
7.385135361321678582e-01
-2.453648239534492737e-01
-4.840744584903919900e-01
-6.582501006996269721e-01
-1.800725838857132333e-01
6.614830304069966305e-01
-4.018374877353937946e-01
-6.596563255446266649e-02
-7.485203556209790721e-01
5.738205019311791721e-01
8.937355312635150151e-01
2.201075726261328969e-01
7.956147247271945500e-02
-8.161561317892698231e-01
1.601509686933402510e-01
-1.687784905776756883e-03
-2.320355448126912856e-01
2.906373676608827727e-01
7.387513370852938355e-02
2.178363572245808621e-01
-8.247872431668487048e-01
-4.175850835127425942e-01
5.205449706413064481e-01
9.237200755906078697e-01
7.958382486746172768e-01
-4.088428287329094468e-01
8.641131782082402957e-01
4.960963333614809567e-01
4.056949804607759558e-01
-1.009054994074121137e-02
2.663031026678256419e-01
6.402972443896239874e-01
1.207439457449806242e-01
9.976302892782260567e-01
-7.439673680120620913e-01
-7.695221749134432132e-01
-6.443044652710607778e-01
-5.599220953093060338e-01
4.857728508440145587e-02
-9.048316308349502179e-01
-5.354396979649065358e-01
-6.023814460340887189e-02
2.572000851950251299e-02
-7.694494341843799434e-01
-7.451237562626350508e-01
-9.285673021767820723e-01
-5.130804019202764854e-01
-3.791971235868271672e-01
-7.184613260270491519e-01
8.313615329607363380e-01
4.275872752126270715e-01
-6.257500975292956680e-01
5.082552696164697181e-01
-6.812535540485248342e-02
3.191757869178850626e-01
8.805185298647091319e-01
-6.059076073991774836e-01
4.524437451775525920e-01
-3.581784269911364449e-02
-4.134907398797859623e-01
2.829630416327173492e-01
7.076306187734976438e-01
5.490662566922133170e-02
1.466888760685910453e-01
6.739793318438207503e-01
9.707519056662110568e-01
-6.845338610163214099e-01
4.698312698168510826e-01
-8.609930137898264002e-01
-3.405914435474956536e-01
-3.766350454115503510e-01
3.018756660514622658e-01
6.650783646581284181e-01
9.458263480242924404e-01
-7.437307083528172935e-01
3.327677105024696713e-01
6.466522178699458667e-01
7.120253514319311305e-01
-1.179500433942641535e-01
1.632313530525645318e-01
1.074345426643450452e-01
8.015557145812035600e-03
6.032343567786985217e-01
-8.068973545776628176e-02
1.147195032460255337e-01
-1.844260112267112617e-02
-7.537882649107878752e-01
4.359984208820815166e-01
6.333482743665590498e-01
1.934897955067796382e-01
-9.163239076781372061e-01
3.803653422775015169e-01
-3.877885632843506292e-01
-9.517012059347724762e-01
6.888182962049208546e-01
-7.006343768478142664e-01
3.658749617318379777e-02
2.591682746977816976e-01
-8.768680748253819823e-01
8.113222622679450158e-01
-8.618092900903612241e-01
7.733979682393538058e-01
6.248883968718881021e-02
-1.536623467058003956e-01
-3.430847397407216226e-01
5.795586701478827596e-01
-3.001820580311619358e-01
5.469262699826136220e-01
5.427941434717066249e-01
-3.609951268508370670e-01
-2.472377061512500696e-01
-5.356805679512588458e-01
4.992294537736738369e-01
-3.398572621265433247e-01
-6.522575773733892968e-01
6.658363756511140874e-01
5.587724747389134494e-01
-2.575912566972105577e-01
-9.912701341429280832e-02
-7.488970883982393190e-02
4.193580575045047221e-01
-4.128871650812793170e-02
-9.201265966725324930e-01
-7.752517410253896291e-01
-7.416107741073383330e-01
-3.428670313894890964e-01
-2.166978848984068562e-01
-2.973639553594153995e-01
-1.603716173450965010e-01
7.730378408514223532e-01
-5.902883057685346380e-01
-2.818917247947128057e-01
-7.239808268470857566e-01
-8.627577385525292408e-01
-7.955154524234376856e-01
-6.930332637106841887e-01
8.681959266916526863e-01
3.271175305065532335e-01
4.276083918100522241e-01
-4.492411186784447397e-01
-4.039797650430813070e-01
-3.421928281007606820e-01
4.144118791322231599e-01
5.707928344751106442e-01
-3.273808569102213406e-01
-3.308783665899845960e-01
-5.746968396209046759e-01
-5.939628160078156416e-01
2.596574283765595847e-01
-6.639663596781962829e-01
4.704785678253243786e-01
9.940661258285057311e-01
-3.767702899730698829e-01
-8.343157480539582505e-01
-9.379013709082251182e-01
4.196649529227163278e-01
-1.384228989091743078e-01
6.987406551492487683e-01
-3.893747226275309226e-01
-8.760592758471755226e-02
-4.138112218899970274e-01
-7.036406382842615992e-01
9.189692433710321406e-01
5.300957712016490797e-01
-3.451658312676697538e-02
-1.131113561268785039e-01
-9.378324011728483844e-01
-7.063709090273064817e-01
1.680942523156983004e-01
2.024874689538668782e-01
-1.025003723363992481e-01
-5.466115523031127577e-01
-3.170191985410542590e-01
9.078845281512757381e-01
2.464706166768109163e-01
-7.561730946703260070e-01
-1.935694368008863409e-01
3.009695538009469207e-01
-9.989203064312997260e-02
4.909553763412554672e-01
-3.621306668530626105e-01
2.269119427668719879e-02
-9.812147929945826963e-01
-6.090246254964905293e-02
3.138201309242245607e-01
5.090211530685558872e-01
1.099539354117805567e-01
1.192634894556367509e-01
-9.947392490652569030e-01
-3.915389207460739374e-01
-1.014656460808257554e-01
-5.886058040697600413e-01
4.797779859832067562e-01
5.130392150904551363e-01
-4.356963193519474697e-01
-6.192764691002541344e-01
-4.782707590445017809e-01
7.157301780114970757e-01
-2.036031029030554995e-01
8.330774582473028378e-01
-6.567713042598403161e-01
-8.925843739787963083e-01
9.540913890259561381e-01
7.869477234268456023e-01
-6.530867884296861492e-01
6.074089670042599476e-01
-6.598186338936223860e-01
-9.828020225181715031e-01
-3.975812499831191116e-01
8.245395893280599298e-01
9.852626258578094376e-01
1.551196670498395103e-01
4.169527604665371756e-01
4.681823905173936318e-01
1.216984151167442851e-01
