7.228511558026515793e-01
9.786413069359939376e-01
6.011465111823720564e-01
1.681855110342181936e-01
2.572229471462524897e-01
2.813982434484779693e-01
3.246287578176813016e-01
1.679280347394687956e-01
-9.076509165714281568e-01
-4.766809601633229532e-01
-9.754679873522970057e-01
7.409403992859047161e-01
6.913175438096454961e-01
2.288194630093574045e-01
6.880219314585162005e-01
1.513661334363907429e-01
8.527305672377806234e-01
-3.444031513602242578e-01
-6.763141715275581278e-01
-2.706254283260506321e-01
-2.946849806658424775e-02
-1.792578708430299095e-01
-1.286554119125141726e-01
8.103326227048917030e-01
-2.642853164496353213e-02
3.959416488529989286e-01
-7.638750943665206794e-01
4.680239457539843162e-01
-2.888999544913604667e-01
9.405006872048546906e-01
-6.107098942711477463e-01
-1.301552367813909594e-01
-5.363972832638019828e-01
4.470683462619542969e-01
-1.756916669659845109e-01
-5.799168098709115426e-01
-1.953441393119593195e-01
3.034416431091878086e-01
-1.084184949077894311e-01
1.574690470303762857e-01
-4.470411711218182926e-01
6.150404950201504573e-01
-4.046900137239428097e-01
2.466646625419015582e-01
-1.342501685379911824e-01
1.732005333770019195e-01
3.933411481298564327e-01
-2.399938900253070079e-02
1.881704535174858473e-01
-9.052019837976925665e-01
-5.283048294426784253e-02
7.579324793597536081e-01
4.824141858662926996e-01
-2.575490643005361457e-01
1.691610651670215071e-01
4.273948747478746868e-01
2.750582073858781618e-01
-4.834475296672753886e-01
8.294524852777590551e-02
9.425802581791830059e-01
-2.791251182789648011e-01
-5.539417016681936756e-01
-9.977723420783615182e-01
-3.518357991547945152e-01
5.659235658944068437e-01
-3.877771605438138369e-01
-8.635909062449359519e-02
9.309075213396189596e-03
-7.564126862619139358e-01
-7.080084903825871745e-01
-1.967764175654107273e-01
-4.259307437534833873e-01
5.372877035208359908e-01
5.821802825970495698e-01
-8.679487368331014752e-01
9.383479478976393118e-01
-8.882807722879688672e-01
-9.620959538278284207e-01
7.393583044051811326e-01
-2.116870405939098032e-01
-1.085165851238258372e-01
2.104321232165862199e-03
4.725541959768514433e-01
-3.134177090351608630e-01
2.879585251976769511e-01
-5.397771387976294521e-01
8.081110131092853477e-01
-8.454377737476570509e-02
2.690480721018215227e-01
6.653176287882878182e-01
-7.314317619183554608e-01
-5.391256732682740971e-01
-3.197165216932403853e-01
-4.431014967460773502e-01
-4.396068055064601410e-01
-6.463264600670849402e-01
1.150740203200438239e-01
3.114061941278709056e-01
7.607453004876143510e-01
-7.456157942873735678e-01
-7.299878214264143850e-04
6.098433851068473244e-01
-5.271540133743747303e-01
1.680159118267736673e-01
6.645948465436117836e-01
7.631042078246226268e-01
-7.913438604447191604e-01
5.565469103580809040e-01
8.676815909641888425e-01
-8.572595532230181670e-01
1.521631718464041827e-01
-4.739074242843275275e-01
1.224311721768544525e-01
2.685127806990694754e-02
-9.251214266302845157e-01
-1.867711916683141016e-01
1.322311223767707600e-01
5.463967137013476805e-01
2.607546175273895428e-01
3.991767029563772495e-01
8.476140451198282966e-01
2.746006160519146033e-01
-8.937632976919636096e-01
9.735320103285338700e-01
-8.308207957427723445e-01
4.533173532047407583e-01
6.239624896508898511e-01
-3.755191914049439972e-01
1.092116634865866187e-01
-7.430876032450630664e-01
-3.805399950174552237e-01
9.463536761416884158e-01
-9.086037050730289000e-01
-7.490809613827607016e-01
-4.456097880909796194e-01
-6.545023370248883587e-01
-7.334758839838311228e-01
-7.720592795695239985e-02
4.759283670626787699e-02
-2.214516821327797702e-01
2.073436158565422627e-02
1.645749899803815586e-01
6.334484154382495902e-01
8.348939997202282637e-01
4.113331658232874943e-01
3.714880286854124747e-01
-9.935519754216884936e-01
-1.176205883960079746e-01
1.372717729767553019e-01
7.638820579822389600e-01
-5.084773775520734507e-01
-6.085327941606230029e-01
1.027405371404481321e-01
1.462820213722340057e-01
3.492884290552545345e-01
6.832228541521316867e-01
-7.500292123433652813e-01
-1.041086084229602138e-01
-3.936355663999906440e-01
6.264485407245020676e-01
-7.696442891815667986e-01
4.388734184233901436e-02
4.687980683333983767e-01
-2.230609411883498761e-01
-9.526685569586157420e-01
-4.072426279203041899e-01
-5.055334801421266233e-01
1.477493554450804991e-01
9.112147280131522864e-01
-6.604596586799877933e-01
1.801849941332467342e-01
-2.590553672262673190e-01
6.959289315770276207e-01
-6.728562502768520304e-02
3.271915653697991533e-01
9.026074395921646065e-01
1.777442989504040283e-01
-5.535088335773874491e-01
2.623720200435203376e-01
3.312829007760192401e-01
2.202058982353789496e-01
5.494181469465317935e-01
-4.082722466161049502e-01
5.985700494096266588e-01
-2.776252270124278665e-01
7.511210120114658606e-01
-4.393492446156024300e-01
-1.317133050740736389e-01
-8.066344461322726422e-01
-1.259501718652100699e-02
-6.623788164639309306e-01
7.779663147637594367e-02
7.896640510541760305e-01
2.945400105294954801e-02
1.696848559657199856e-02
4.884704577827214678e-01
-4.341972362112485051e-01
2.293353040563405054e-01
8.122881083044861672e-01
-9.971876538800790168e-01
1.228539213216540693e-01
-6.191647232920594046e-02
4.300415082390251498e-01
-4.101241222619500526e-01
2.960000573775009025e-01
2.625811932944975835e-01
-3.612609682534195787e-01
-3.195071439862532392e-01
-4.490992107914785203e-01
9.808301894605202520e-01
-8.225427571517326397e-01
-2.344625194211510943e-01
2.820952698287889082e-01
4.188596128814845998e-01
-3.986661781628578205e-01
3.512572494843535509e-01
-6.848129465802286209e-01
3.166744275459486557e-01
-3.238862147322780216e-01
3.981552268552226437e-01
2.361723207812094216e-01
-6.486930655066713847e-01
4.543494908480975036e-01
-2.715333847167361037e-01
6.398729875046656190e-02
-8.023995431011277102e-02
-1.871225871750540060e-01
7.204136601792310302e-03
7.560019273221880720e-01
5.061137607908866576e-01
9.274504956789920984e-03
-2.236805844683831257e-03
-4.836993276291052246e-01
1.230283182934358566e-01
4.161507095881112894e-01
-5.405581964617283131e-01
-2.531061839639352495e-01
-7.357878932682824225e-01
-8.924580248252881320e-01
-1.245344828615974064e-01
2.596139083388462887e-01
1.279505465657401753e-03
4.865721954658961956e-01
4.342349245685296344e-01
-6.034890707492455153e-01
8.092951353514927781e-01
1.001487761943497534e-01
2.907385489694725433e-01
8.953114270009353559e-01
7.264779725118066800e-01
-5.091645784344404069e-01
9.719522629390153767e-02
7.372196284026676372e-01
-3.065095758684264204e-01
-5.259763280964681043e-01
-5.423457804954825434e-01
1.325307912353506090e-01
-1.748117555177949867e-01
2.739434208186869446e-01
6.433118980479626270e-01
-6.356442662431249779e-01
4.021810533567726775e-01
-6.794876499995976538e-01
4.535567025748142300e-01
-2.109984068247784395e-01
