2.514450182095525621e-01
3.267257597035870265e-01
5.793385567755419130e-01
8.803859534809242993e-01
9.864471416726124930e-01
4.152534795863886963e-01
3.534082315798615093e-01
-5.080569411429465276e-01
-6.182351320403614015e-01
-4.687920650067906592e-01
-5.971775280334377101e-01
-1.291880937322799627e-01
6.861155716661495596e-01
1.729676341039275145e-01
-1.851660001309355097e-01
2.357134013126661598e-01
-4.182858521838734855e-01
-5.367697062558585142e-02
-5.692021633359989341e-02
1.742854854919623220e-01
8.904723476465248311e-01
6.857349286005952615e-01
-9.860738660167331915e-01
-2.231929228566922330e-01
6.188898101834890975e-01
-4.470969644577489355e-01
3.840231943718305785e-01
5.102029523115070297e-01
-5.749918070202393316e-01
-1.169749964836578338e-01
-8.992532221051969810e-01
7.435459298972171283e-01
-8.948791040314427736e-01
7.094285273767708677e-03
-6.340839310905279635e-01
-3.260884825390950037e-01
-8.467273058260575969e-01
-8.587777834938553623e-01
8.935531068446168623e-01
-3.012167367099591875e-01
5.828038730752477248e-01
-6.775391837307260801e-01
-3.660868902796496904e-01
2.785468460628710563e-01
4.449102331304077285e-01
2.262022585589976154e-02
-6.264501155863630988e-01
-4.326869968384503551e-01
-6.714193915458028794e-01
-4.781760765079439146e-01
9.404746132618441168e-01
-7.842794228692779868e-01
3.688219187952337941e-02
-5.657631903655838679e-01
1.137303823031457634e-01
4.291832600483173055e-01
-3.448521755184219550e-01
-9.277789681281667367e-02
-9.984781175616762594e-01
9.414604683497416193e-01
-9.779555674985316305e-01
-6.743397848914863824e-01
-4.681375340397453400e-01
-9.799408774552055279e-01
-4.691623705995514038e-01
-5.174765599562868301e-01
-1.217650145222781699e-01
-4.522480325210511687e-01
-4.091735048771239502e-01
3.876914659041299505e-01
-1.643267652133874046e-01
-2.918715489919521677e-01
-8.594142053151463401e-01
-7.004019936318873762e-01
-9.187172400431381503e-02
-3.628347878490742473e-01
3.085673294279989154e-02
-9.626568983269446766e-01
8.717453732334520811e-02
9.941375155714333722e-01
6.695742773182430385e-01
-7.461753814044913558e-01
4.831716735050036737e-01
-6.843527313853603466e-02
-9.753281458685938432e-01
5.557003881245936583e-01
-4.433110522734318160e-03
-9.224314055448759597e-02
-6.755224493311625666e-01
4.761157615014925404e-01
2.189065981326902277e-01
-5.324924068368082075e-01
8.010240415863292274e-01
6.119760317222577850e-01
-8.249649406153941600e-02
3.627407674490918388e-01
-5.904951039883841180e-01
4.394486975595857103e-01
-6.315969737845644749e-02
9.850150741802271570e-01
3.289572661135694576e-01
-2.069668586294411972e-01
2.212128364230843136e-01
-9.208724969717457798e-01
-7.838750288701528124e-01
5.802579854329542597e-01
-1.958488386018020777e-01
-1.178615318052998046e-01
1.702182508151336149e-01
-7.056465566818266311e-01
-6.892681986495609037e-01
-8.390118919005203069e-02
-6.429074704426398501e-01
-5.591416139679945552e-01
5.510985607627340022e-01
3.497487893067039999e-01
-6.558294482901133593e-01
-6.088864499099483352e-01
-7.614462840410349820e-01
7.537539959410679558e-01
-8.481310786388009948e-01
-2.548928295834962388e-02
2.895999144695454719e-02
-7.868214318029099763e-01
-6.415161470605157401e-02
5.390994351829692111e-01
6.974264228531418253e-01
9.367043957701213230e-01
2.893487409458772586e-03
2.745861451837883216e-02
-1.731845236631944784e-01
2.189445774213720219e-01
6.547340492031300530e-01
1.280522648727189239e-03
-6.249772228563755805e-01
1.538383144706709227e-01
3.905857871133426862e-01
6.838232811447839676e-01
-9.120650622813367692e-01
6.100113747806457098e-01
-9.855432455022614668e-01
9.874243949761882799e-01
8.995325418438047116e-01
6.146362764598840567e-01
1.489773684027108636e-01
5.155266650463730116e-01
-3.704580437649586111e-01
-3.805793698321499052e-01
-9.482420004434988225e-01
-4.823584795821438398e-01
-6.586257773236767754e-01
-2.034443737112011652e-01
-3.389839910892417096e-02
6.423558000074670593e-01
6.375974824809451658e-01
2.709012801595213071e-01
9.846744309917193627e-03
-2.718639218901510168e-01
-3.115543806499669888e-01
5.037933710879314297e-01
5.973150108703434435e-02
4.117342100139934624e-01
8.359421833791880196e-02
-8.101691621602932214e-01
6.124888242598363064e-01
-2.718288531748941361e-01
-1.738194375643707934e-01
5.269434290129605680e-02
-6.399187372060511914e-01
-8.231980460930626853e-01
-7.698503433105207128e-01
9.936014485571742494e-03
3.824681512735469413e-01
-2.655120578445068213e-01
6.657265403753865884e-01
5.973296734611373282e-02
-6.826911978832137518e-01
-2.475489347022115649e-01
-3.054960373955197817e-01
5.877375226949796971e-01
6.800093817440178157e-01
-5.737062703767410732e-02
-8.951027048764054195e-01
8.625869347039050172e-01
-5.697092944811119053e-02
-9.469496917074601838e-02
4.280242295500439331e-01
1.032958642246289971e-01
-2.329756652605650680e-01
1.372185064448179226e-01
-1.283607539720436064e-01
7.981571785697191279e-01
-7.553321647297643882e-01
-2.468867973101780411e-01
1.277023979411399668e-01
-1.058234099456245025e-01
7.044919260283337703e-01
-6.938979044793776030e-01
7.941211565483963231e-01
8.671639810473770194e-01
7.728673601457802800e-01
5.511677140952008225e-01
-5.472119247947142551e-01
-1.737937187997942445e-01
1.897404874123502228e-01
5.544382443755264678e-01
-3.828197278600706799e-01
-3.455377089691069603e-01
9.214919797406213586e-01
-3.052856487813530029e-01
4.688469267884284863e-01
-3.135531930549068091e-01
6.352363518895498551e-02
-2.538606754410348554e-01
1.010713219586202860e-01
-1.457224357003844561e-01
-4.584826186103091450e-01
5.642861248636268368e-01
6.755971987937533507e-01
-2.777103309587231617e-01
1.871799319584804833e-02
-7.726778079453613390e-01
3.292717995633363537e-01
9.753854233307294175e-01
3.018501059916646190e-01
-3.321878815619666026e-01
-1.237790556901818134e-01
-3.217097265918327786e-01
1.913287541299100170e-01
-1.987257563601143584e-01
8.960686478117971254e-02
-2.840180664729513582e-01
4.539628326274483539e-02
3.296047734092451553e-01
-3.146505923659557724e-01
-7.917325106614606645e-01
-3.439802177239592584e-01
7.693479471917296086e-01
3.517048047986462422e-01
-1.692814033235305327e-01
5.458580854829361839e-02
-4.626475432377160635e-01
2.156257139036074633e-01
6.142688005455757549e-01
-2.330027773123696244e-01
-5.564249173144832916e-01
-7.901211677783861465e-01
1.526909492950280223e-01
5.259999037824168999e-01
4.568496498367208281e-01
7.633085203263709762e-01
-4.097820396416399502e-01
7.186016819055820459e-01
-3.806145038734565222e-01
-4.368720036610355129e-01
-6.583706753849620785e-01
-7.317259603915128308e-01
-7.339494893606992587e-01
-3.097467409815011230e-01
3.320434690283026180e-01
-8.967040132602747127e-01
6.423361032779270618e-02
8.855522141766816180e-01
1.980043625730176782e-03
1.597228596230872710e-01
