1.133415544669301583e-01
1.594324441648866941e-01
7.177623442542877541e-01
4.364524224232375071e-01
-2.552106024220179847e-01
6.891737368933619212e-01
3.135693586285214773e-01
5.686589783024347255e-01
5.444733321012069638e-01
-7.775004247995274120e-01
7.761960049315379528e-01
-3.544303589915694386e-01
5.025709223202091680e-01
4.999571225352487103e-01
2.200582530422823535e-01
-8.220907102697599944e-02
6.380849389715085307e-01
7.771533208820970984e-01
8.550278714741932351e-02
-9.516716606547953594e-02
-5.404792279421831713e-01
-4.253130923912716299e-01
-2.123946228000133107e-01
-5.124070394055554867e-02
-5.400083643900290831e-01
-7.148835111637700246e-01
-4.299631771958312143e-01
6.618262792449410847e-01
-1.130497484693974153e-01
2.662760004300424033e-01
-3.446615275987358756e-02
4.270946804356536841e-01
1.297907307725824355e-01
-5.548119088516751951e-01
-5.097095229333589161e-01
8.224926238742210627e-01
-9.729088448987710525e-02
-5.045330182278339182e-01
5.761081856210636953e-01
4.949399515722548437e-01
2.586523227751514331e-01
7.260214590749543007e-01
-9.690509715461050888e-01
-5.418324622057095752e-01
4.723849235420071735e-01
-7.494375675745887921e-01
-3.054267523984387500e-01
-9.128724979666571482e-01
1.541631131867289284e-01
-8.582443926812702295e-02
-2.790387935904466987e-01
-2.674533274337178579e-01
2.118049051691913709e-01
-3.772255670160092889e-01
9.715078832873051962e-01
3.467462959729739058e-02
-7.978464422093687336e-01
-6.168861742998584807e-01
8.150273269822583266e-02
-8.205404218097434033e-01
2.851763279772180359e-01
-1.282896679900226156e-01
8.189379847782467525e-01
1.554490310823473664e-01
6.259645332885879210e-01
-5.684547852216061958e-01
-8.374205711735569491e-01
3.198756221779187614e-01
4.585414662405395969e-02
-5.528844164921309368e-02
5.712080173041287345e-01
9.876309867513433094e-02
5.539961107477198166e-02
-3.274787675660316144e-01
8.939152841117767867e-01
8.073778343804641766e-01
-3.510892542892083412e-01
-2.484367783975804933e-02
6.466180104213692381e-02
7.144563557825030220e-02
5.966741357247828947e-01
5.834157407872486711e-01
-8.755744858235328110e-01
-1.626986326381317238e-01
-8.313704817821103710e-01
-4.692714857351291680e-01
7.278798645219164420e-02
-9.653056763901880499e-01
-7.215182236770165680e-01
-3.863962739710518624e-01
3.371837751118700321e-01
-2.426449444226641550e-01
1.894096669844394787e-01
-5.921616597947596539e-01
1.492454951627416038e-01
8.579646539944788541e-01
2.079137607002004284e-01
4.126719151656695339e-01
-3.504473956482010433e-01
-3.803948206003677779e-01
-1.293610227875424679e-01
1.190003033327295956e-01
-7.361276859555244967e-02
6.009448014115317260e-01
-4.655162712538277181e-01
2.587660357037941949e-01
2.676731570370737834e-01
-7.288983965975173729e-02
7.790325294967804792e-01
6.805859154941965583e-01
3.920324736101384322e-01
4.316151838823049647e-01
9.301026871235771321e-01
1.307976993075606331e-01
3.128905263630906708e-01
-8.665751005510229366e-01
-3.801800379416562792e-01
-1.259656461281505879e-01
-1.423741597332964792e-01
-4.820002990307459267e-01
1.012276711408182095e-01
-1.705853671677666217e-01
-7.113580311597148542e-01
2.308133405981599440e-02
7.215458943225030453e-01
-4.155308138805302032e-01
4.134909017101991990e-01
-1.843018158997360434e-01
2.939394588720682377e-01
9.295483351498206037e-01
6.446946086082772087e-02
-8.928057469938197599e-01
-6.555783723415032904e-01
-9.340099190945445606e-01
1.962791491284200940e-01
4.339305994678827050e-02
-4.733951044744956760e-01
-5.182107721391386868e-01
5.023280479913601049e-01
1.903734999393887906e-01
-6.687468239825811178e-01
-6.726107068983017134e-01
4.933765626243385993e-02
8.897594444875783770e-02
9.806238267533138320e-01
3.282648830823206021e-01
-5.951526954036194805e-01
1.266468937828552632e-01
4.099402880952993655e-01
3.059518409299418762e-01
-8.002600237213642886e-01
6.200450260608966202e-01
-3.701666546122180379e-01
-8.437739473650440747e-01
-1.040222499800311229e-01
-7.323659175563268509e-01
-6.877477593298841896e-02
4.388634365385822855e-01
1.651811817222320622e-01
4.537539428063636637e-01
4.272063619901074749e-01
1.390473577041897446e-01
5.738663289369839715e-01
7.378578218811989720e-01
1.064259906486997587e-01
-8.464103888182447077e-01
4.262441859624845897e-01
-2.062139639460913165e-01
-3.847469262323287564e-01
-1.688426687187820630e-01
-6.878630255093824974e-01
-5.329014802029944375e-01
-5.398395834686968708e-01
2.994874173642520510e-01
1.788890149754825409e-01
-1.613572986195764836e-01
-1.169564826023961057e-01
-9.246002986731004514e-01
-1.530242076582303823e-01
2.333005033883028823e-01
-3.709161237766788188e-01
9.336823076129306953e-01
-4.851865202549570100e-01
-1.129773669674181968e-02
5.215881640861999013e-01
-9.527995495862412456e-02
-1.795322828083482647e-01
-6.595692689000934861e-01
2.605652051351436405e-01
7.125763751789941924e-01
9.415268209419164203e-01
-8.481148767350616957e-01
5.171236370159196793e-01
-3.855157698630799490e-01
2.433428498820467412e-01
1.655507906435277898e-01
1.685846496683279794e-01
-5.775342430374559299e-01
7.130394085584844666e-01
7.948129817222740479e-02
-2.621688983789077776e-01
6.045427786524462110e-01
9.635815525506709056e-01
-2.982891495001505078e-01
4.378468891998464896e-01
-4.840903180816382156e-01
-6.598989781689130751e-01
5.555742499469380480e-01
-1.596159949705917569e-01
4.237436482092149515e-02
-4.170661734980445901e-01
-4.567691062868755036e-01
6.651819717358423700e-01
6.894691754534787442e-01
3.972360933431967611e-01
6.069724885823690741e-03
6.565406473477260196e-02
5.550217499551113320e-01
-5.400270996737777107e-01
3.676155551140856126e-01
-1.916867495128966592e-01
-6.069461579118623495e-01
6.186949541426101096e-01
5.620162615872932310e-01
-1.866428052384226932e-01
5.484393457732051891e-01
4.003921648051010918e-01
1.055729982095072739e-01
-2.657692062918543541e-01
-1.043933284507922998e-01
-8.333218427760066271e-01
6.089103003983133977e-01
-3.799154399147652850e-01
7.904387867899107523e-01
9.692098542814581164e-01
-2.387346907824869913e-01
-9.802231475875168298e-01
2.068996988848152696e-01
5.364912394383708483e-01
-7.485943081998399640e-01
9.920797760601055559e-01
6.410637866173872768e-01
9.276466988671756564e-01
-4.662021873814937156e-01
9.206219534303653473e-01
-7.528006371563691346e-01
3.659295729640923422e-01
-2.496135421368856633e-01
5.058350451358891720e-01
-1.054094541911319571e-01
-8.105746729387378058e-02
-3.829737306759806170e-02
-3.422302565264750962e-02
-9.277338363157840995e-01
-5.337206116282447455e-02
-6.876207973105663562e-02
-4.866556754310390476e-01
4.903634407312262300e-01
3.978662271660884375e-01
4.894150906337871865e-01
-6.604581829122879721e-01
5.279421185564212582e-01
-1.052537593476042255e-01
-4.088505185644049633e-01
-6.185162032545595823e-01
