6.545681005735766167e-01
4.223509194649427423e-01
1.555762797050863344e-01
-4.498342970331231649e-01
-2.117359956187556680e-01
-4.924583712438864724e-01
6.894658030165194962e-01
-1.589650839950554617e-01
-4.201645028341254307e-01
4.606439357612568397e-03
5.136347445646320953e-01
4.414031384633383404e-01
3.935656076299099970e-01
1.836092213358017644e-01
8.637858804611654451e-01
2.055072591183489394e-01
5.375926567834219405e-01
-6.736494839107833865e-01
7.866143696611412883e-01
-7.564690516067276160e-01
-5.267041204955943412e-01
-2.866350093093864571e-01
-7.953172113442794622e-01
6.670051386080951827e-01
7.056528206047305574e-01
-3.343256535687434972e-01
-5.593236538278535397e-01
6.512051408716879042e-01
5.659890736472701356e-01
-6.535253813662000866e-01
-1.327790965758618436e-01
9.989334859484215734e-01
7.121811998016829293e-01
-3.495026528832219093e-01
5.165004217131992093e-01
7.387198812762352240e-01
-1.856877597125592139e-01
3.878375580693259606e-01
5.089706113118619424e-01
-2.960595522153380288e-01
1.669756159005034157e-01
-4.518079213129236882e-01
-9.831607881346675626e-01
7.695951675110421775e-01
-9.788735807166992764e-01
-6.770746961025477795e-01
-2.374803957316413416e-01
-7.858102891356943953e-01
2.190929668620831550e-01
-1.099504102155268725e-01
-5.440545517364864248e-02
3.976511420544892594e-03
-2.171363498664821701e-01
-9.365715987921229280e-01
-2.236876167036587482e-01
3.563178001407785178e-01
5.094806210750658648e-01
-6.299418166100821947e-01
3.813258620881080918e-01
8.819198691991338990e-01
4.305612141622686129e-01
3.856639362457696674e-01
7.739693963724082471e-01
7.994338440749075847e-01
3.950362953742438399e-01
2.138798883279448004e-01
-4.012437268645596689e-01
-1.567559682204558991e-01
1.222674956631366328e-01
6.414849353720640801e-01
4.691878586882258229e-01
2.519951898359620301e-01
1.598074655458922022e-01
-4.914385407186915300e-01
-1.700471423931484982e-01
-4.794205464335850042e-01
-1.228198630424748306e-01
-6.636832757107908876e-01
-2.827381154251608075e-01
9.192031168960488330e-01
9.157617834162353754e-01
-9.812170823906316564e-01
-6.229237185107515673e-01
-1.829823721930126934e-01
-2.904206046219101611e-01
-5.470629860681364143e-01
-4.748951802257037613e-01
-3.606891878838945353e-01
-3.740924705479038992e-01
-8.272116234603525964e-01
8.903758895437450249e-01
6.243601790789979344e-02
6.995559796154984800e-02
9.085028745368294301e-01
2.621378027331736082e-01
-6.539770340808087612e-01
7.818369573522667704e-01
-5.839340467749420949e-01
-3.861812254345611817e-01
6.567680645539567541e-01
7.246741612395553034e-01
8.671874929692280354e-01
2.419862039148896748e-01
1.213401265431904574e-01
-6.932115138658294651e-01
8.154265354178219516e-01
-6.582395442559307863e-01
6.212286596076280754e-01
-1.219948297200694753e-01
9.034266971813678104e-01
-1.531126134816270801e-01
4.568649996829328430e-02
-3.378196108744361825e-01
2.918853565291525953e-01
3.084025288190559433e-01
-6.884959207320399122e-01
-8.272844102021144064e-01
-6.896290601238010964e-01
8.307550406278888522e-01
9.082761362593876342e-01
5.018331053291166244e-01
-6.273227242498606859e-01
-2.452599133981065438e-01
6.074740471246431461e-01
-2.058676119820648520e-01
-4.153083953896887781e-01
-3.510185036408434156e-01
3.979940134209485336e-01
1.460754823146248327e-01
-6.372424990629547148e-01
-3.833720052067702277e-01
5.635964063490115361e-01
6.528096438849073646e-02
5.477354331989413572e-01
-5.150428883699341709e-01
8.148355856109420481e-01
-3.474281414839928694e-01
-6.738417908278708790e-01
6.048688368844917784e-01
6.316706673075908052e-01
6.865777844470239977e-01
3.896901859858374340e-01
-5.593974646797919004e-01
3.637211065956550415e-01
7.209184120751824798e-01
6.887384064143786677e-01
4.905609075028596333e-01
-9.149589939650277781e-01
-9.899592703264346039e-01
7.491394021352287824e-02
4.494385083004690529e-01
-6.771108032443051705e-01
9.472381093314136136e-01
8.002659697927397286e-02
1.651115332507686884e-01
-2.404027169892857529e-01
-1.963455965910925194e-01
5.052000333800154008e-01
2.123130501024144134e-01
6.102787976670795977e-01
1.251848837079931331e-01
-1.858734491715226533e-01
-1.673355196790297095e-01
2.350225631924222625e-01
6.691121822029069133e-01
1.486023602622036366e-01
-1.809548459882593385e-01
-9.250060567819013979e-01
1.455343347050718494e-01
-2.496783529392721523e-01
-2.628376533412696281e-01
1.865860783012699420e-01
2.652324030444440650e-01
-6.437800989974766797e-01
8.632389811061115248e-01
4.938834508395537060e-01
5.417087487120212375e-01
-7.547520668937055532e-01
7.434038828530489251e-01
3.332033607273194309e-01
4.496289674120851898e-01
4.397797227859529534e-01
4.177208739572914054e-01
-8.808141221407049803e-01
-9.133261816977713554e-01
4.482881106285437900e-01
-2.965198129429321150e-01
4.996981672372929340e-01
2.186060601448454599e-01
-7.460050201583579010e-02
9.698245444650144265e-02
4.632765017608030389e-01
-2.039100082169919004e-01
-9.390463726318019066e-01
1.853568511528764506e-01
3.483181239238531957e-01
-3.412218720815570205e-01
5.060765194656804411e-01
2.908813523026687609e-01
-2.453981256538406985e-01
-2.967821286914384404e-01
-6.047959393802403438e-01
3.415103110478882043e-01
2.998464135603074454e-01
-1.489726859847154417e-01
3.438042807062626771e-01
-6.350625498608848396e-01
-7.608623305426677197e-01
-9.800261466075103067e-01
-6.988005636088021610e-01
-5.187838967901395870e-01
5.619638690480182053e-01
5.065910862723688179e-01
5.603515814573938325e-01
1.637010402837240086e-01
3.486473448753475424e-01
-1.617228715526415062e-01
-2.328522757388142017e-01
-2.552282310382987807e-01
3.839709175410579989e-02
4.360042836854984838e-01
-7.661295227383864148e-01
2.246322561979409160e-01
3.507805362473534472e-02
8.187691285228387850e-01
-4.175923722000799421e-01
-8.754934304429672354e-01
8.305828501378510476e-01
6.984930907198891870e-01
3.898280719677327255e-01
-6.218083519706368856e-01
-8.174485234724567784e-01
3.368191649095261253e-01
-3.131269771031477411e-01
-4.802487751608147670e-01
6.967989731527512998e-03
-1.712600275326046639e-01
-1.572005248284569223e-01
-4.585629770623911305e-01
8.381639250472416869e-02
-5.507587526285652180e-01
-4.974027861364807013e-01
-9.977344605438452918e-01
5.153029542759801629e-02
-2.665663562914273865e-01
4.930330566063250153e-01
-9.294779071411172211e-01
5.794120525630739316e-01
-7.332002325305863044e-01
5.807745361479403901e-01
9.988391691061400124e-01
-1.681870772745816534e-01
-5.360430948220973324e-03
1.992408086186622240e-01
2.231882710405710957e-01
-7.314373817602508598e-01
-8.116163624871766125e-01
-2.172946683906291088e-01
4.589629554303401027e-01
-6.573648194223288832e-02
1.269665559874003091e-01
-6.939697767122220418e-01
3.557654260804307134e-01
-1.257118000667536151e-01
-6.415254152809771737e-01
