-4.685709777724736957e-01
1.263108852654614700e-01
4.298284408077766572e-01
6.315315532906198293e-01
6.912719955709274444e-01
-8.928877304239057899e-01
1.095714661364173281e-01
-6.602541551129020858e-01
5.346254606656224428e-01
7.836369017767099709e-01
-5.458265908986367210e-01
-8.807169695359848838e-01
-6.082364244522124874e-01
7.946345786882424989e-02
4.941969148568601811e-01
-4.409341548335103944e-01
3.045839632254394580e-01
6.318755910223753380e-01
2.587267372253330144e-01
-8.969002933458311566e-02
3.020462126564470995e-01
-6.198348369585374718e-01
2.746763557365748398e-01
-8.377673165834726987e-01
8.884632909157166303e-01
8.852962339478902543e-01
-2.571606206740755241e-01
1.098212592875358329e-02
-5.688473691019425571e-01
3.365491063764270430e-01
8.906154263359417067e-01
-2.633326443833591823e-01
-3.468140837054979331e-01
9.238212772173417520e-01
2.100387261424619678e-01
-2.247313097197607412e-01
4.654497245075022160e-01
-5.867644038432073827e-01
9.277882480044751246e-01
-8.948878464000280530e-01
3.462729569548091413e-01
-5.982923855525018597e-01
3.014146220002632548e-01
-5.353799345691656608e-01
-4.429119270811325282e-01
9.739567362670430439e-01
3.088301980205171438e-01
-1.197355963529370682e-01
-7.899663817619164696e-01
-8.102013820732830718e-01
-3.146063527361068202e-01
-7.549249361866059438e-01
2.174245582677730715e-01
5.717665915514994479e-01
7.337290641919176348e-01
3.170733189672325647e-01
8.774801715142631631e-01
-4.256103310715037003e-02
-1.317331937849900436e-01
-6.096152122436249154e-01
8.031146234878663304e-01
4.464376465224841883e-01
-8.154906071207639329e-01
3.414513060142756462e-01
-9.384844880560567759e-01
-1.960602824358304019e-01
6.771494159572051252e-01
1.510056732522725431e-01
-4.068203658481213125e-01
-9.736611673311070803e-01
-6.403309545975079953e-01
5.648501483691577008e-01
6.939613364216864477e-01
6.078326881865503406e-02
2.127898499945332922e-01
9.353261877385578016e-01
7.398509067714564846e-02
-8.273031648140789507e-01
-3.348312556839280196e-01
-2.401232225212374394e-01
-1.269384229501743094e-02
2.912765405392119256e-01
-5.273148021858294898e-01
5.537934110811461030e-01
-2.753495260263155164e-01
-6.792264975633991453e-01
3.968896955677745364e-01
-9.638327123165713051e-02
-3.693862580355924408e-01
-1.284346812666686544e-01
8.964882213098581687e-01
1.717428013576533796e-01
5.675556358023735593e-01
-6.332453362563579269e-01
7.554419142138997234e-01
-7.613051516005140407e-01
3.255506419290082887e-01
5.301238760557499541e-01
2.370862151067032464e-02
-1.522965110402226818e-01
3.863272421942503532e-01
1.568183422893975887e-01
-2.750475108853462913e-01
-5.663727951792900672e-01
-7.815963588827847808e-01
7.924547366576097929e-01
-1.743186597093711043e-01
6.377651344793970889e-01
-4.648336719689141749e-01
-4.388416907680490198e-01
-9.055222483140289436e-01
9.684673965015178076e-01
-4.422567745052037314e-01
1.488595852138913100e-01
-1.153849138279235409e-01
-1.341528802479698967e-01
-1.731320177652572456e-01
3.520554559258932681e-01
3.166750523695498476e-01
-4.181018209191974533e-01
-3.508505994869959288e-03
-6.005960298239078066e-01
4.003286724883756142e-01
-7.127234333970542401e-01
-7.275424366061455927e-01
-4.688303957816984946e-01
-4.139280355138258427e-01
-2.290000289510604192e-01
-5.305707556902445887e-01
-8.254907808723982443e-01
-8.358966265815268581e-01
9.504423837725129998e-01
-6.375863607213240192e-01
8.171005244628001263e-01
3.439388904322021046e-01
8.784300244724608797e-01
4.621134488649973893e-01
-1.111089782104127677e-01
-6.092941818289130396e-01
7.073479618969846783e-01
4.036558628715157804e-01
-2.783973220783025893e-02
7.924901823192976869e-01
-3.222865552190090632e-01
-7.057456873134456687e-01
2.680209146658590891e-02
-4.672568848129394214e-01
4.614382877796010529e-01
-9.804824663318422173e-01
-7.130377908947010956e-01
2.241407751777187984e-01
6.032339486367224168e-01
-4.792225038419400951e-01
9.105278271102266174e-01
-4.335432032483340081e-01
-7.045734755020728324e-01
1.706771875500706637e-01
7.460867921142496639e-01
4.188188856632862334e-01
7.338622441816030628e-01
2.031246093317898849e-01
3.332495581451166422e-01
-8.571396886378968016e-01
-1.420928196204908900e-01
2.040854824536506296e-01
7.706655533863859819e-01
-5.287311496142181877e-01
2.578576506017363767e-01
-9.653964200980016397e-01
8.425849413514794328e-01
-3.295948650488317311e-01
6.136467751683125638e-01
-2.207143495528647303e-01
-1.808535770901831263e-02
-1.280116536720238285e-01
-9.220417982816608848e-02
2.053338320945283513e-01
5.206635560465042722e-01
-7.557645736694992289e-01
3.313001942317427284e-01
-3.764738804121354754e-01
8.235024671383434081e-01
-3.644421197259438694e-01
-7.937054171394246627e-01
-9.947059999836442845e-01
6.708897499418471355e-01
-4.771962252028014162e-01
6.274920910108425787e-01
2.358223096630496785e-01
-9.263179984779491560e-01
-8.317057614030761714e-01
1.466405916690605715e-01
8.908201848274448498e-01
5.842036261245785456e-01
8.747546836544989324e-02
1.633774150034274786e-01
-2.895831406580683387e-01
-9.214497997530264328e-01
-7.162909399641496089e-01
2.695178916623394150e-01
9.904776465690434684e-01
3.465801607592294831e-01
3.431725210670326653e-01
-8.245415978013581615e-02
-7.695553062967070979e-01
-4.834303170379696812e-01
-8.076368659255963589e-01
6.085518355031731552e-01
5.267995492615699105e-01
7.676373993724213696e-01
4.399728034614847072e-01
-3.152873234684074877e-01
4.322613974237006773e-01
3.387771188041978354e-02
9.796293287646514747e-01
-7.816118518493664347e-01
-1.999302376809816706e-01
7.135217075487358951e-01
-1.254948788493125966e-01
-3.265872100143683565e-01
3.308096283692681938e-01
5.479592242750055964e-02
2.118509042823768507e-02
-5.623884584582068413e-01
2.643321259538979895e-01
-6.094628180592757127e-01
3.198131774120170912e-01
2.580050966679332536e-01
8.616140744318233624e-01
-5.451009824487255129e-01
4.176686163383571682e-01
-5.011284294815536722e-01
-8.124382884733405419e-01
8.896556485028526140e-01
2.353135671068742329e-01
2.014285159678141368e-01
8.350677103325429007e-01
5.172321573669780292e-01
5.685766562657961209e-01
-3.959929392765995093e-01
-5.052323843027934913e-01
-4.729540302020004972e-01
-7.467418059064961922e-01
5.704794161324517887e-01
-1.654852431142486979e-01
-9.848644239533725919e-01
-6.410830878069900818e-02
5.193760182932274372e-01
-1.159000148782657891e-01
-6.792010704488176120e-01
-5.875867052175335337e-01
4.397237602849861371e-02
-1.184039630032485690e-01
-3.592654785129191231e-01
-4.696520615548313571e-01
-8.795450968312990003e-01
-2.487499504199683908e-01
4.687022108336352799e-01
3.152335243899395678e-01
-5.997760706059596103e-01
4.054744670545519791e-01
-3.168453363235309017e-01
8.065144260688403843e-01
8.607029383139759293e-01
3.919066685686206086e-01
