7.199379732062871629e-02
5.441797907284900981e-02
3.678394220245339574e-01
9.006526498820083271e-01
-2.096984804300821570e-01
8.747713407587983658e-01
1.439786972687865929e-01
-9.848470459442129621e-02
4.241138600734971620e-01
1.037284663223587144e-01
-8.367333932527398765e-01
-2.536613688276552758e-01
-4.222980644865415023e-02
-1.638845271729751363e-01
2.990936158517726318e-01
-7.895074933240919801e-01
-4.685890918196632948e-01
-1.683970083833457032e-01
2.104564839136897070e-01
-3.583922166310266055e-01
6.547986760575643661e-01
-2.646901176990283933e-01
1.502571596464674641e-02
5.267902007548410648e-01
2.969840657571942155e-01
-1.118123124626452941e-01
-6.991350672190353999e-01
-3.763723038020305722e-02
-9.163648513578988020e-01
-4.076421843009550017e-01
2.993753477075359326e-01
5.118597474164647831e-01
-9.589740863801159421e-01
-5.222830554430052397e-02
-4.013843113567236998e-01
6.652149318549722690e-01
6.541093040073003850e-02
-2.278801180683714123e-01
4.335438863734875081e-01
-3.816022926408207394e-01
-4.166407936173846527e-01
-1.676984249157650320e-01
9.033316695521736994e-01
6.744060245266184639e-01
-4.940417276656355883e-01
-5.243881709605985320e-02
-2.590480639129346674e-01
7.019902843376819579e-01
-3.542339099945039926e-01
-5.200584746167511430e-01
3.009934501865065282e-01
7.591807104356883551e-01
-3.002639644478027892e-02
-7.329699070252809756e-01
5.840277164333710358e-01
6.241028875198957326e-01
-7.199346737728357093e-01
1.558247662587812221e-01
4.623028922863303691e-01
-8.733939409036561852e-01
-9.588356465118482719e-01
2.829479114862150091e-01
-7.047781171008680179e-01
-7.415670953908872765e-01
9.568313473850109663e-01
-8.681876638642284094e-01
5.548971149123326230e-01
-6.631037601673688275e-01
2.071122642076777265e-01
-5.619791193352097203e-01
4.065424812155701284e-01
8.707157813391409595e-01
1.985665974858874527e-01
7.843905192805389337e-02
-5.111858576222251260e-01
-3.289458506610631883e-01
4.732595076151516200e-01
6.231143770906689694e-01
-9.002320979331787099e-01
4.959400096115829104e-02
5.015123558262153391e-01
-1.398606323272953145e-01
6.316947700193337178e-01
1.650116929157862122e-01
-6.157430398885447298e-01
-7.181078607998094832e-01
7.309897018823128256e-01
-6.153138878856534433e-01
4.745199445688395024e-01
-8.057758470200493406e-01
-3.508103194360518984e-01
-5.318723625484156337e-01
1.016679223170146584e-01
8.268565685147470923e-01
-4.488620779716138154e-01
-5.513039122827617655e-02
-4.817624668942577792e-01
6.100211972775253511e-01
9.970094823277098062e-02
2.519935705214709776e-01
-6.899843489401082941e-01
-5.337924348088415316e-01
4.897227902959724877e-02
7.979594616428041798e-01
4.167878070816996572e-01
-6.092898781613466097e-01
-1.204985870307236917e-01
9.076466543608160409e-01
4.028329345586172949e-01
4.150829615799812577e-01
8.780374735752458637e-01
-4.520564166757538027e-01
5.679454619908246293e-01
-6.081002375414603645e-01
-7.251561313915990681e-01
4.521557047090384723e-02
1.057598492958685688e-01
-1.250829333774379770e-01
3.008057373001682411e-01
1.003340960092846956e-01
-1.889116031851221511e-01
-5.601795037931600607e-02
1.431546145706704687e-01
-7.485804953583654608e-01
-8.894228995422479578e-01
8.867679097000779054e-01
8.395317375045452390e-01
3.279490230069037615e-01
-7.024817206283728854e-01
4.847161653027692862e-01
-4.166357620073660728e-01
1.712247760759810222e-01
-1.178282586988734226e-01
-8.808261660833527351e-02
2.441048608149911370e-01
-6.610626930725451711e-01
2.989989044689051467e-01
-4.816104205895387347e-01
-2.078822974901190224e-01
5.615143996059217546e-01
9.188095999792018631e-01
9.998454403907858223e-01
8.431800171668543120e-01
-3.388927288719255637e-01
-2.068344399365564801e-01
-7.936536788938489684e-01
8.615511046838849607e-01
-3.268901273679722941e-01
-5.149961870808714703e-01
-3.730566983727867658e-03
-5.171465723921477020e-02
-3.930326965513165072e-01
-6.958337084323298338e-01
-8.840094135748874926e-01
5.773454037638325875e-01
3.123264953602477023e-01
-3.042295326821353174e-01
-2.036999608494742264e-01
8.893336699579661442e-01
-3.291951803073103200e-01
4.036719855488246078e-01
2.334795241701799473e-01
3.773516402778459011e-01
-4.750091445002030399e-02
4.879133169249456614e-01
-7.924462490641147605e-01
-9.575204211186196801e-01
7.566072250055760895e-01
1.499451254797494748e-01
1.990382770216079789e-01
-2.927617608177352504e-01
-7.395767143521985165e-01
-6.586976076127952773e-01
5.676212616397682265e-01
-8.922910813247797446e-01
6.943678877031253527e-02
-8.775563094605545178e-01
-7.009804984462306710e-01
2.076737272855326832e-01
-3.340648013704983210e-03
-2.296721987160968703e-01
-2.991686570541357559e-01
5.982569111464367539e-01
-8.161495803137197580e-01
4.210243904144488347e-01
-3.047469848563664208e-01
-6.601023537222847626e-01
9.807687556470097157e-01
-7.957532769301969289e-01
4.548813508474312539e-01
-5.693493784286375314e-01
-2.598857067250969211e-01
-5.611848979335956056e-01
-1.044824172091481096e-01
-3.961002971457494581e-01
6.164772870531606275e-01
9.000999204998158532e-02
6.246144047659495380e-01
-4.712661119125488018e-01
-5.531139809054885781e-01
-2.509061577215523364e-01
-7.957932179276482332e-01
2.970010492677996328e-02
-8.086111831600012456e-02
8.305409158911243317e-01
-1.178011379885123278e-01
3.494987712978872008e-01
6.845383544419291200e-01
1.203826059882513455e-01
-3.842000781816041766e-01
-9.116200963140519420e-02
-8.704898180801329266e-01
3.426126211482303230e-01
1.055289388268544348e-01
-3.376463293393224818e-01
-9.491152665268454136e-02
-8.692301106978552738e-01
2.189821949728953943e-02
-3.109383474992278851e-01
-2.236564396875045380e-01
7.000614160434777133e-01
2.349051443353782631e-01
3.667499214424640441e-01
5.853910679586162846e-01
-8.604825765252616110e-01
-3.540468744894507136e-01
2.446812269041410692e-01
-4.045788723326607661e-01
-1.267066318521275492e-01
8.549513824569842102e-01
6.976501172110246562e-01
6.851651752173194554e-01
7.578786269386370567e-01
6.695278651910183676e-01
4.299397821302713973e-01
1.276021293462749062e-01
-2.811855616959779702e-02
5.472200836653678957e-01
3.688185131444177145e-02
-1.645801001417310783e-01
-6.140149707217781305e-01
3.474488628596208994e-02
6.992093371130488899e-01
5.033600233865094253e-01
-5.937460501044171668e-01
3.620671820908477057e-01
-3.240455877965213727e-01
-1.181738126935995975e-01
-4.694191580339392988e-01
-1.965905029487439726e-01
-9.158752541477412912e-01
-1.716361268078681612e-01
-3.329507566186081791e-01
4.888766223123576782e-01
2.983387697952889495e-01
-8.054619263105849969e-01
6.543795841501987010e-01
5.167036332824108680e-01
3.155409068725920085e-01
-5.426043738326060684e-01
8.836520573093831210e-01
5.791784192654209074e-01
8.141235696627092677e-01
-1.989728198026047279e-01
9.339231075563383389e-01
