4.776576083614245682e-01
-1.514429676830260640e-01
3.157274440050734654e-01
-6.012896562039642401e-01
-1.163829242471702552e-01
6.872880092679731767e-01
1.801942735066817125e-01
-1.175962115084450144e-02
1.396793841992932383e-01
-6.209694036512050097e-01
9.932986402848607010e-01
-3.725857153636569219e-01
-8.712692488850076744e-02
-7.076952841715993259e-01
-4.809303115017651287e-01
2.371147837353297927e-01
-6.598178662175755438e-01
-7.405254706854430546e-01
-2.208114117143763488e-01
6.701160075721399600e-01
2.847387505997037715e-01
5.856428240436635235e-01
7.858953433997525329e-01
-1.104000408893366370e-01
-2.924240666377259656e-01
-6.384763055524884656e-01
-9.522993877430399046e-01
-7.568044878653757968e-01
9.168457346179907930e-01
-7.163514978753182660e-02
7.621606720800710999e-01
7.349989009330133438e-01
8.252128167458414598e-01
-9.416067744599757594e-01
4.966449369958846338e-01
4.468426498413456960e-01
-9.547085663098096031e-01
-5.212654342100124794e-01
-4.016372440040680836e-01
-9.794635921476528839e-01
1.264258434980267964e-01
4.069791484763196632e-01
5.026482771071903999e-01
8.121289888534666268e-01
3.863209030247480857e-01
5.729912283937054207e-01
5.033541810373505232e-01
4.275142928666166853e-01
8.881465711494027637e-01
-6.307666436383346786e-02
-5.311518159072887713e-01
6.785623331710372019e-01
1.919662729390447797e-01
1.837157317752423635e-01
-6.427037256885950178e-01
4.832654071934550100e-02
-7.939716063579377314e-03
-1.119542340001808967e-01
4.498923860006149855e-01
7.707016775404146314e-02
-2.697997750955192786e-01
1.687533389405631301e-01
-3.644217524807438768e-02
-7.637278652782267807e-01
1.421896050451998683e-01
-9.948790427021425575e-01
7.054231859810103922e-01
8.667449683036914099e-01
-5.252231800720450483e-01
-3.770023656107374110e-02
6.860558822264678502e-01
-2.477551781996086000e-01
4.379258190951139662e-01
2.508179328425357291e-01
5.478272809280521072e-01
1.074629782596474153e-01
-8.896211276632959297e-01
-2.399583892185970790e-01
6.910843297837057086e-01
8.265771805814658979e-02
-4.057526131562401162e-01
9.314995197878694899e-01
-5.326510690271547555e-01
8.339457883703260688e-02
1.878229426555001469e-01
6.841205008454803727e-02
9.316156289299913906e-01
4.866786530801728294e-01
-9.303454287144686807e-01
-9.887790403358754920e-01
9.954668117056508780e-02
2.839935716354394790e-01
4.806437556415520396e-01
-6.798627917709627599e-01
-5.708918193117344941e-01
7.947642520350742812e-01
7.305786405529691718e-01
7.773806087426315958e-01
3.492942697855055956e-01
-7.832587136319068000e-01
-3.795185204527092848e-01
5.612310792846895158e-01
1.405509387169902036e-01
1.816144280087851337e-01
-4.519467495724382999e-02
-3.563805084472544960e-01
-4.812344438654388434e-01
-4.437777369123568905e-01
-6.044196371116544730e-01
-3.295799174711828150e-01
-7.790950421809883508e-01
-2.985842638260294279e-02
-5.996556117219702386e-01
4.773317806314981704e-01
-4.182608344988928417e-01
4.889411390326642848e-01
-2.531818086688165659e-01
-4.162681664705048523e-01
7.217341600284513659e-01
-1.176638632093590098e-01
7.070290327681445497e-01
4.773954495338381676e-01
2.971455714298030237e-01
6.279985826677232374e-01
9.374672382303106399e-03
-8.644987342237673289e-01
-1.893317435730668130e-01
-1.602930001336670685e-01
-4.360944427403581902e-01
-8.927301192069592162e-01
-2.559419995802609260e-01
2.588317787974820927e-01
6.599713658558403750e-02
4.159497348472898093e-01
3.630008093419644366e-01
4.163209467984946288e-01
6.387684911374248431e-01
-8.300237138177821716e-01
-5.101505526698602022e-02
2.757100472891115261e-01
-5.051953033677052396e-01
1.080557605857243031e-01
8.812616640760650988e-01
2.913975555875900625e-01
8.379656182803472131e-01
-6.529440112275319841e-02
-3.891491247441173362e-01
-9.811099154845698278e-02
2.722908050833667826e-01
2.299687330066649271e-01
8.569717572920823034e-01
2.145831904038186799e-01
5.879991604714686348e-02
5.136995824782879527e-01
4.682846035940061435e-01
2.926666095124156458e-02
3.684889197847429632e-03
6.625716082869713697e-01
-9.585056358725443371e-01
2.510783612595178793e-01
-2.433859464876040324e-01
3.645448597477132235e-01
8.450980980328287595e-02
7.123687115742582954e-01
-3.446171611083421182e-01
1.883560222408575680e-02
3.020740120690975083e-01
3.001422539125691014e-01
-7.751100785121948222e-01
6.574671860293820336e-01
2.753609511701146095e-01
-1.316667557171271596e-01
5.016673480599455059e-01
-7.741084564551765634e-01
-3.144020841963451884e-01
3.589225330013162685e-02
-6.437561561683989853e-01
2.723953735137634169e-01
-3.948391576786737245e-01
1.154339698475108367e-01
-3.621172114929553931e-01
2.778406159852248591e-01
-8.903165315244859768e-02
-7.658380342409125685e-01
-5.934216646168277709e-02
-5.196836524636277987e-02
-1.748398722016503704e-01
7.300946649240664943e-01
-4.064293115657062749e-01
9.168638313042511978e-01
2.536589535317667621e-01
-9.659310116459975948e-01
-3.530247292107916435e-01
-8.074793782445237600e-01
-6.960518199795210359e-01
-9.211299236539237656e-01
5.165564433895630803e-02
2.043741169284229997e-02
-3.954546148575516229e-02
5.426943792409384404e-01
5.568735473920751744e-01
-2.878394597431198632e-01
4.319045246193088661e-02
-2.494495362445386943e-02
-1.956271570638228319e-01
3.827198736544007440e-01
-7.953635009467230343e-01
-3.480728481626219617e-01
-1.217915603636740840e-01
-9.807909133349900221e-01
-5.601455767180157919e-02
-5.398107315612673540e-01
5.497695689487598347e-01
7.093704219060625871e-02
-1.941834332470551150e-01
-9.842168319242872165e-01
-1.765350799973048890e-01
1.741677750157058502e-01
9.671818828367251264e-02
1.380023082056800465e-01
-6.566204110238124114e-01
-8.258421253750369839e-03
6.081247761009953567e-01
-4.250104147071096516e-01
2.242637013802872836e-01
-8.503787512778073765e-01
-6.896663219905125874e-01
2.624565276534871483e-01
6.954337236286987078e-01
-2.646568306685820327e-02
-7.343588511740172242e-01
-5.178063561971225637e-01
-7.290220154364369654e-01
-6.846411340462992268e-01
-8.806016748786243964e-01
-9.876880124383526915e-01
-8.308986115590814014e-01
4.440675252469032941e-01
4.533295712898250396e-01
-8.513772600489607489e-01
-7.343947010560467614e-01
-5.778334090218969488e-01
-4.049674340192865318e-01
2.980112517700862496e-01
4.652185797019270375e-02
-6.992900011521926418e-01
8.287903183715819022e-01
3.371528307608941954e-01
4.771225809534098694e-01
3.932263754358797381e-01
-6.920784830478823313e-01
-3.109238520076440526e-03
4.957535320509643961e-01
4.562909509447216072e-01
8.451705446919669518e-01
-2.153320061803192520e-01
-5.712689110755752031e-01
-3.277500650906668422e-01
1.261445232435924879e-01
-3.743760190385220232e-01
-6.379249805941289431e-01
6.977168895605401211e-01
-2.446220207749105757e-01
7.000401642442538597e-01
-5.588603428826164343e-01
