-6.580309854244128509e-01
2.625081594649285588e-01
-2.977851451087465406e-01
2.278374008270134254e-02
9.376326462438511200e-01
6.864445132900813817e-01
8.622155560399005214e-01
-9.752264963171008993e-01
-2.707172386400547026e-01
-9.639020066602479453e-01
-8.017949791655178959e-01
5.768825432983764046e-01
7.834548002521970478e-01
-7.156537645516853896e-01
5.376372159834186260e-01
-3.608451911135566181e-01
-2.072556896961015305e-01
4.471304665209800966e-01
-1.589476796305415718e-01
3.042262467703451545e-01
-7.523263289249979557e-01
-9.661641266071172574e-01
9.427735880356491460e-01
-1.028232771812249702e-01
-5.123569801192942030e-01
-3.315338340025439923e-01
6.113422693778327588e-01
-2.665657467631099564e-02
-3.481179776871250464e-01
-2.704200157652201231e-01
9.724846251005725417e-01
-7.129749620104750552e-01
4.804483150230065558e-01
-2.416493332420699414e-01
7.883503891136312003e-01
8.182615046678536341e-01
-4.841209610039698408e-01
2.284531589197749124e-01
6.864714371725548769e-01
-3.720498899660551473e-01
-3.646139386982090169e-01
5.276722880129878224e-01
2.856219111123259324e-01
-9.623123314506365489e-02
5.560198244219707320e-01
-9.938053150490853138e-01
9.381503313146244416e-01
-8.063259254263797082e-01
-1.622540154205363017e-01
-3.522597696217251162e-01
6.177554829707496697e-01
9.665725876450874665e-01
8.093324875387410966e-01
-9.583747218939642210e-01
-4.455010644613581761e-01
4.378823532035085453e-01
-3.129360912540608552e-01
-4.218776565307906790e-01
9.636122104026354496e-01
3.404118607456598777e-01
3.201284335035963213e-01
-3.794401936027262945e-01
-3.150501588919194518e-01
7.887377799185353311e-01
4.493319434095834897e-01
7.073485748504884096e-01
8.884371887255904099e-02
5.144681024162056637e-02
4.243135414950269801e-01
-2.603542067487658596e-01
1.910387063907958982e-02
4.174691150777798399e-01
-8.042279033437071956e-01
3.047912086469335424e-01
-1.246491892218259956e-01
-3.423193104052273394e-01
3.539591445564069794e-01
-8.645472660298243461e-01
8.049404117151996996e-01
9.570258891669314316e-01
6.741957055016580824e-01
3.303394941337298718e-01
-1.649763202753007363e-02
-3.225711612056481048e-01
2.453379445393499836e-01
1.587857924127327180e-01
1.009020765073329606e-01
-1.318162254432888592e-01
5.082817800790819796e-01
-2.120327368132026713e-01
-7.665342316176424475e-01
4.260629478863657837e-01
-8.736617988610504426e-01
4.123459948256094076e-01
-3.411382973985308542e-01
5.383514639321909101e-01
-6.619206931750556411e-01
8.619621236430601297e-01
-8.791269367706628923e-01
7.798870911955160246e-01
4.913980998593010519e-01
-1.752894957803357023e-01
2.518340808188801461e-03
8.220622971417466118e-01
3.911825445012706570e-01
-6.147619751882071881e-01
8.812742958381167835e-01
-6.672030932216765908e-01
-8.223868843637360815e-01
-6.140741030705800796e-01
4.915413914237709569e-01
5.344320875168651064e-02
7.716110658638113406e-01
2.769000347232795090e-01
-5.585678731986933876e-01
4.478404944899818663e-01
-5.842906735423754050e-01
2.394086209772881002e-01
4.296919695290224439e-02
4.296718117812454718e-01
5.656802453714444567e-01
6.193784794698227181e-01
-9.013987527059317273e-01
-5.488795633519552020e-01
5.265426157285995057e-01
7.950286406557607322e-01
4.957267495957866643e-01
-7.230700460676890984e-01
-4.925338043224212203e-01
-7.138984176887379629e-01
-3.399953819850245473e-01
2.611731384687092650e-01
-8.988758935785592374e-01
-5.567935393555734080e-02
1.410260254528916679e-01
2.497377591697336197e-01
7.997845739430593515e-01
-1.645290382449111632e-01
6.565508678642844043e-01
7.747233614179920291e-01
1.487377915112404470e-01
-2.795454613906400709e-03
3.267101414614568267e-01
4.804487446043348431e-01
-1.112091178081853204e-01
-1.951191656908917160e-01
-6.499013803506414888e-02
-6.917317805462965818e-01
4.930113671987421675e-01
1.870800139900268277e-01
-3.765558261953283470e-01
8.767141796200628168e-01
-2.987771312057736495e-01
-9.475211798967342336e-01
-6.526181837268538732e-01
8.548292100796015536e-01
-1.734838643119744894e-01
-6.856541909099009846e-01
-1.625133341390105901e-01
-9.511763662459111757e-01
7.210701427725463297e-01
7.396026093175804839e-01
3.897070249760536953e-01
5.064760305123801043e-01
9.836186309013568163e-01
-7.595364094897205653e-02
3.513271053183639747e-01
6.790793257876239775e-01
1.313552405138143087e-01
-5.450336060738312227e-01
-5.671729415947168729e-01
5.186436104295248928e-01
6.153953786204757748e-02
-6.163870060493770175e-01
1.258241012188296981e-01
7.564339270175313157e-01
-2.909205025831587133e-01
5.356845816693032170e-01
-3.862174729259737482e-01
-7.674008058754131500e-01
-6.750044054162986917e-01
7.021809394084639333e-01
-3.532741014081448583e-01
6.802642629611210801e-02
-9.012087623441238371e-01
7.455729737298868454e-01
-3.229121835216290926e-01
-3.378916106950260456e-01
-1.694810213193704840e-01
-8.917848434769524157e-01
-3.600060996871203844e-01
5.806931001901529665e-01
-9.498834238925024653e-01
6.085357856751238970e-02
7.175048946843300968e-01
8.660473339691157069e-01
-8.715651489774154381e-01
2.314475294223465873e-01
-5.109113093887500678e-01
8.103129216947377866e-01
1.150421105792238663e-01
-4.576349887041009090e-02
-5.046748217536372039e-01
4.368510934481348862e-01
1.547304299427487706e-02
8.412501454360563624e-01
-3.488860361747818661e-01
-4.718940965284861289e-01
-2.499892915614485567e-01
-1.373335638743085063e-01
-8.628002331421908977e-01
-6.920037014330273628e-01
5.504547554284155986e-01
6.441488075260948243e-01
6.887379729289588859e-02
6.126828398528902930e-01
2.522134161642639594e-01
-1.601539017200366288e-01
-6.301807110410866386e-01
6.666470717408534696e-02
9.844588107627227913e-03
-8.762775010705252665e-01
2.061922511887146481e-01
2.632032153301488986e-01
-5.215160905168716443e-01
6.660351629537797358e-02
-2.190722400539792947e-01
-7.110208313882617759e-01
6.525165786372952859e-01
-7.455912027493738492e-01
-7.180914756658174358e-01
-7.360356390256013182e-01
7.083374173779126703e-01
-3.438095209319897982e-01
1.861837634452243595e-01
9.902712511317426358e-01
-3.646917962495508370e-01
-7.947614894220440540e-01
9.111133305306364782e-01
9.772638607927803811e-01
-7.050712656098274689e-01
-4.207212821090831056e-01
2.172513110931892921e-01
7.560657849092833338e-02
-8.505508977321727393e-01
-5.022162697952174959e-01
-8.219781523537397216e-01
-3.992887722204563339e-01
1.015986232188639260e-01
5.164723376614819284e-01
2.173958003525515714e-01
9.470545458596570931e-01
-9.993619858874627226e-01
-3.210142660357644395e-01
-1.508800849419660306e-01
-7.054173594213291043e-01
-2.998370309536948497e-01
2.344956222708831639e-01
3.726908935938315626e-01
5.950004470217007402e-02
-1.070223569489803239e-01
5.958017515269029563e-01
-1.808172299248032022e-01
6.813158150463887175e-01
-8.752582096547647517e-01
