-1.538054153129326806e-01
-9.187713204103775677e-01
-3.771031793091259576e-01
9.585839348318210273e-01
-4.343831234108446182e-01
-3.641135068876588665e-01
-7.862399804140629556e-01
-4.474409457579968663e-01
3.619229212432450993e-01
1.462925896438060924e-02
-1.620568392057037954e-01
-2.102684288436096338e-02
-6.910501735471692442e-01
-7.534490633750290378e-01
-3.074440692634667904e-01
1.059032424577992515e-01
-9.333156520532530642e-01
-8.110248444608827434e-01
4.524907411511287503e-01
-1.496821389184590512e-01
3.546488914836782858e-01
5.321307270341393281e-01
8.744684912390119358e-01
1.693078762106250412e-01
7.794441933333720041e-01
9.839196694877359040e-01
-6.113323887013781821e-01
1.146023966936611238e-01
1.656048245460635115e-01
-5.437137640895823854e-01
-7.004609888734734113e-01
-6.497265959590612372e-01
-1.133087235159671025e-01
-5.997882305686794702e-01
3.416466554464920868e-01
-2.230122353476235997e-01
-5.175098180187074348e-01
9.865892886920715199e-01
-8.926289925005197468e-01
7.747675147281902763e-01
-6.839159144256428124e-01
2.131708395863365357e-01
-1.667785852555279114e-01
-6.522312499152849163e-01
2.370308061975565650e-01
-4.780709159496612237e-01
8.637078266677078453e-02
-2.949235468623521150e-01
5.432872363260856652e-01
2.915734304175199298e-02
-2.367067335364965164e-01
6.782837124012841556e-02
6.979235468312428026e-01
6.812831725923178539e-01
8.724884376321708768e-01
4.935049264053215090e-01
-6.156297210136674192e-01
3.089751375738527539e-01
-1.788909804881591015e-01
8.310881220738406405e-01
3.730909165381399717e-01
5.269952130470607621e-01
3.006772098780641223e-01
-3.837467468988853270e-01
3.995642585262013657e-01
8.095254998969798610e-01
-1.000931645309284246e-01
-8.637336108962356818e-02
-7.088720678137065967e-01
-4.079433585029077491e-01
2.197435821106137332e-01
-8.512054831433732982e-01
-5.781929297485479680e-01
8.805590364841533457e-01
4.753075158241113485e-01
9.727929540844264533e-01
-9.296363522122177425e-01
1.477610349590152694e-02
-1.812011275504787911e-02
-8.699724596508568997e-01
5.182506021210357972e-01
5.724175369290791515e-01
2.401164985263837259e-02
9.141316817248483773e-01
-9.468710210756747792e-01
-1.612653955230907155e-01
-6.192187281344112559e-01
-2.864097560226435135e-01
-4.846648296623112806e-02
7.367015504781491142e-01
6.272567312922199267e-01
-7.184790050662592797e-01
6.773458401660281680e-02
7.683269912699053350e-02
6.732225720168880656e-01
-3.762282298173147410e-01
-8.535400433306168377e-01
-9.281094584201983189e-01
-1.595569785867978485e-01
-4.142225857636265829e-01
-9.212485959240090949e-02
-2.112815194718529188e-01
6.532920034435345524e-01
-4.053502581153156648e-01
5.557479933115703208e-01
8.391960048032305330e-01
5.797803567772337185e-01
-3.261198368906252920e-01
3.021560213159621977e-01
3.115855426322140520e-01
-6.130614080732785798e-01
4.744437043080620420e-01
-5.495795623041559441e-01
-9.127671607516629759e-01
-6.761934100162412253e-01
-5.322900643695831491e-01
-9.520933673855478396e-01
2.545998995309981527e-01
-2.045827512089886113e-01
-4.840693638947970445e-01
-4.779134592868539144e-01
2.770727047620784589e-01
-4.084053331957582245e-01
-2.627010912274403420e-01
-4.480007528955545215e-01
-8.828144242120661289e-01
-9.827843152779387470e-01
-4.796783948553773325e-01
6.592662974437852874e-01
8.046085804226394966e-01
-5.278890598261227751e-01
6.229639287365742462e-01
-8.100276976896845227e-01
-5.264792567025946557e-01
7.697257575967844101e-01
-2.172428890180073680e-01
9.838750798816677801e-01
-5.631538225068200010e-01
-2.130947674868841624e-01
-7.695348036665541347e-01
-5.635256114475264422e-01
-1.140759845742709278e-01
3.167665488025719345e-01
5.730479909033814323e-01
-6.709739565856491783e-01
2.161430140438689307e-01
-1.805548665168763556e-01
2.946625150765089796e-01
8.395408933639920690e-01
-3.325728717642808530e-01
-4.729939581944726523e-01
8.040773897231969780e-01
5.517198881372638031e-01
-5.817664365138808247e-01
-2.052657296513702434e-01
-9.792891710690185825e-01
4.238941338058879182e-01
9.048838562345256076e-01
2.622707085760578316e-01
7.635038667727485073e-01
3.427715679155507456e-01
-7.595493267273529803e-01
-2.709496660648420541e-01
2.286630630865138514e-02
-2.874796157114680728e-01
-9.305782541023750465e-01
1.283673876890614185e-01
6.434069817192731300e-01
6.521717767014618694e-01
5.943693435201966579e-01
6.332445605286891599e-01
7.888679301777745678e-01
1.075338178894269525e-01
-8.964743615469958904e-01
-8.005382554482287638e-01
-9.740468553556185238e-01
8.559613639026391052e-01
-9.991410984624078395e-01
3.435605713532468020e-01
5.990552859751305803e-01
-4.305825508569744997e-01
9.501065147484832885e-01
9.194297417197105915e-02
8.684653472230974280e-01
2.071759687928269589e-01
-3.369858060222223894e-01
1.240642308008215178e-01
-5.797917799845895281e-01
-3.869102059141917849e-01
-2.215573869812486052e-01
6.741478278510304456e-01
-6.320607578048871300e-01
-2.345140420159181893e-01
3.043360309311893275e-01
-2.981192008588531284e-01
9.696984561188004559e-01
9.046095264377826961e-01
-5.291306174304464260e-01
3.600209882726830291e-01
-3.965397785385307294e-01
-8.572489736378146041e-01
5.290351611378809604e-01
7.425010675367036406e-01
1.740613608100849419e-03
8.603942149787313642e-01
-9.186392844166175742e-01
6.228337283101812449e-01
6.512109944319737220e-01
4.780470578345263899e-01
2.626737165415700126e-01
-6.846645085080829141e-01
-5.989402162139556562e-01
3.864113804051738654e-02
5.665357790500835655e-01
8.640090605829402470e-01
-3.529688079972759240e-02
-7.909236354647570799e-01
6.457206252958345161e-01
3.319317480379111451e-01
8.506127361187252323e-01
-6.672251514993732258e-03
-6.385411825700821886e-01
3.049842720893369830e-02
4.037234698888689799e-01
-5.051284606481021289e-01
-1.953514043782813570e-01
-4.096002348227394396e-01
6.582737299635088579e-01
-5.209699836822958563e-01
4.640686619866603024e-01
-3.656702098199731132e-01
-1.971729894474376632e-01
6.222996634668134242e-01
-3.514681559487842222e-02
7.720574662390522480e-01
-1.058637247333873432e-01
-2.222250071095526192e-01
9.389225729027379508e-01
1.275926718776356772e-01
-9.816217837101448573e-01
4.350050140707755197e-01
4.777618639651410870e-01
-4.007716797659306440e-01
-8.249858845802997553e-01
2.612873625098783847e-01
2.655479396503173106e-01
-7.945291898462825131e-03
9.062367365681662790e-01
2.942812322911274592e-01
-7.732173086211353574e-01
-7.152879650845962445e-01
-3.088733825986615944e-01
4.243052166722367513e-01
-5.684028322403520406e-01
-2.921829886125173470e-01
7.440162236143685881e-01
-2.574768920925567528e-01
5.003183654944010073e-02
-2.357024141000936268e-01
-1.148270390674899222e-01
-8.964563219243850689e-01
4.570744219744506953e-01
-5.549728685873234202e-01
2.881140995684339234e-01
-4.747813749416525120e-01
