2.936778041665915051e-01
-7.784409022270251111e-01
-5.819649459975564376e-01
-4.634193199490537207e-01
-5.722654698728784073e-01
2.259539047632619368e-01
-5.778229750612691173e-01
-3.942723033596040594e-02
-5.052140141677261553e-01
-7.244125777305463476e-01
-7.163260788210288332e-01
6.984287517895748643e-01
3.304113340804255561e-01
-4.653065603417272378e-02
-8.166209590401598550e-01
3.424047026717402797e-01
5.556211815633622653e-01
1.581801541734939587e-01
7.247224331713684187e-01
-8.468318009250361822e-01
-4.578352525580462462e-01
-6.203159730599352439e-01
3.160609966871559262e-01
-2.799203297104084776e-01
2.955876664849432789e-01
-2.461073688210313470e-02
-2.310051778111679166e-01
-3.000544952574566437e-01
-1.109413008691619851e-01
-7.919173703369271067e-01
-9.122345761983927659e-01
4.914644409847295226e-01
-5.317903822962193328e-01
-2.119581417094786868e-01
-4.917662634001231936e-01
-5.125053648488087088e-01
7.356095923055323560e-01
-8.831082973568058492e-01
7.915814445383342335e-01
-9.425124514008527132e-01
1.114249857640208230e-01
6.309866373375034865e-01
-7.023071014388071465e-01
-6.520719986584404548e-01
9.182332439355205267e-01
9.289191564643259902e-01
7.351012574755275697e-01
2.306012113534474661e-01
-5.774880515593030506e-01
4.272898579632959937e-01
-4.316994213805291913e-02
-6.240018134353331192e-02
4.897604474032823951e-01
-1.117606862820506031e-01
1.026856656418781988e-01
-5.520699137828160019e-01
3.564219219403574890e-01
-1.532655294488194375e-01
8.647964745417597854e-01
7.209040318872368402e-01
-3.485607940835877550e-01
-2.167607761279231049e-01
8.026393746812250374e-01
-3.970320076663667042e-01
-2.247808135095801241e-01
-7.404138832366835565e-02
-2.590735971361166623e-01
5.447563763172258433e-02
5.877796716364631635e-01
4.519575985861030709e-01
-8.725372492563834292e-01
-5.535100907022261207e-01
7.018087300011073282e-01
2.980210060304060438e-01
5.732338158638876635e-01
-5.155099404539513763e-01
9.753126454124383393e-02
6.022380745153681492e-01
-1.005055154023981601e-02
1.875793223518382735e-01
6.647979991654977550e-01
-9.053566421836591882e-01
4.296409765704722883e-01
-1.259273279865484874e-01
-9.255375747247358564e-01
9.467791045270801398e-02
-5.828836418869887126e-02
7.480886779780453466e-01
6.879631940486294894e-01
4.767090940840432722e-01
-2.263746618346460515e-01
8.048819936781059781e-02
3.842289994154723942e-02
-8.400135676211830660e-01
-9.257710430439600735e-01
-7.413528046694510820e-01
-7.387845025619288464e-04
5.256426289488518311e-01
-9.167235750368003533e-01
-3.448976435255242112e-01
-2.716293882421436656e-01
6.615640666946251969e-01
-8.069199251197447520e-01
-9.147576282227400934e-01
3.781298627689986258e-01
-8.942648414901241960e-01
-4.987341109346854484e-01
-1.317514026076411771e-01
-4.153832067140976747e-01
1.259666096443348149e-01
6.786545658024034644e-02
-6.862318298915868198e-01
-3.616381500898495638e-01
-9.554443271723611630e-02
-1.191323275821691841e-01
2.160397085366836389e-01
-7.827668915289889284e-01
9.815965052358042175e-01
-1.842425693190152813e-02
-1.368607556150802651e-02
5.096767042590331087e-01
1.389353707795371040e-01
3.936953896900561300e-01
3.827177375166130879e-01
-3.103712089744090630e-01
7.343219646805598799e-01
8.498335246900075024e-01
-5.929828858505832301e-01
-7.247922005860469863e-01
8.455431172321228317e-01
2.911695482305272087e-01
4.647661816054120543e-01
-6.222765544576256413e-01
-1.734222534023635021e-01
3.117934053458093491e-01
-3.182585003164410953e-01
-8.740489122287837809e-01
-7.775114245622651854e-01
-9.865778204365800441e-01
-1.625957984896488906e-01
-5.140526700209380184e-01
-5.992944757764884223e-01
6.763773754261497295e-01
-6.964018185410461026e-01
-4.790730218460763634e-01
1.168426374315045813e-01
-7.422357784612718667e-01
1.440362694628480877e-01
5.293288300241805189e-02
8.003061738886372289e-01
-7.300144047472971742e-01
1.492333625091684102e-01
-9.691348591644837196e-01
9.995664465825671030e-01
7.623791334463403402e-01
3.942717795600025887e-02
-6.955976666544683162e-02
-4.885359136455242890e-01
1.000435123387728442e-01
9.717077606082613617e-01
1.668995084054021305e-01
1.010164294477895464e-01
-1.464487773038989360e-01
1.999705223156824641e-01
4.713758472621878415e-01
-8.106558544012927303e-01
7.989590167812505861e-01
7.202992018845171263e-01
7.807046350618156438e-01
2.573780951962738595e-01
-2.713411022041942733e-01
8.975675421104267748e-02
3.581161619114554551e-01
1.511506258890362719e-01
-5.364907329563481930e-01
-8.404540867340815069e-01
-6.713459783905308953e-01
-7.970988659059252690e-01
-2.215880735525208589e-01
-6.699081151931125522e-01
6.987995413999368299e-01
-2.556545903290436961e-01
-3.590764426572534695e-01
8.976065856404913390e-02
-5.728358625899305778e-01
9.946935931541294185e-01
5.714701496445901974e-01
8.221287092427420617e-02
-8.894136314870684235e-01
-5.727433171727747130e-01
-1.568791248027439078e-01
-4.152926704112747114e-01
4.308635516323464643e-01
1.954047131393208403e-01
8.265887297420120294e-01
9.497703826197145816e-02
-3.322056104680404243e-01
-8.553934567811403156e-01
-2.783469094596142668e-01
-4.209196465081312954e-01
-5.911450575118193385e-01
-8.872613277468619497e-01
-7.680953824294090015e-01
6.546485949896054812e-01
-8.308689297966058707e-01
-5.465336782111991365e-01
2.156052085139898988e-01
-2.827331961669801164e-01
8.507296184040540332e-01
7.659420022398992778e-01
-9.037718029770758221e-01
3.910201440573888299e-01
7.334747207741154629e-01
7.809755329274488123e-01
3.754385869564951239e-01
-1.127863214647335521e-01
1.803231733759318445e-01
9.226959343350700227e-01
-8.241958358576590982e-01
1.007229507504372457e-01
7.145944624543183465e-01
-7.397627571509877153e-01
6.970520898236138851e-01
-5.017576135497467948e-01
6.140794570355498916e-01
-3.905881098543737551e-01
-8.607396041813266674e-01
6.544408982744556180e-01
-5.905960548300492885e-01
5.560598202859456940e-02
-8.093264586296695651e-01
-3.299942884002438070e-02
-3.105325014090662972e-01
-3.262663731801533906e-01
8.345321099486009420e-01
4.332626255056499787e-01
-2.641760392002261426e-01
-1.402413540791711544e-01
6.685549933649155285e-01
-8.238892865868494564e-01
8.972445018841714859e-01
3.205384080471962438e-01
2.953346727773009661e-02
-2.512107242703924825e-01
-7.596825277234957596e-01
1.791441404052416253e-01
-1.777396403658999535e-01
8.384267807470049405e-01
6.844372685204858087e-01
-2.727062163719393695e-01
-3.118559494004036203e-02
-8.514058174884413521e-01
-7.108958747727018856e-01
4.007130865380901241e-01
-8.523122347391343112e-01
2.057220056912254513e-01
-9.850568733601718918e-01
-7.132693458093286587e-01
-4.060504535554310124e-02
-9.837367265850887055e-01
-2.939673910454987382e-01
-1.680588772250501961e-02
4.256335891009781491e-01
5.642225535164897554e-01
3.861982383236108873e-01
