-2.559800899434991894e-01
-6.655761669688622373e-01
-8.370839605990052501e-01
-1.498401090702079497e-01
1.169573441016642512e-01
6.132672431360075560e-01
5.275854967867066314e-01
9.546798633822486391e-01
-8.979501991978349196e-01
6.064881593700173212e-01
-2.019057176637448769e-01
7.990359092117114148e-01
5.833375604638135759e-01
4.764707871804929606e-01
5.990366401582234435e-01
-7.183708795728602770e-01
8.959923161577443285e-01
5.484444275085438303e-01
9.340498062483668651e-01
1.130696528563555070e-01
-5.345004207158920995e-01
-8.645835657791174356e-01
8.034496982634860007e-01
4.016132389637880884e-01
2.327616353712047559e-01
1.230523734490789334e-01
7.459729766421423491e-01
-5.539722662843711287e-01
-1.358840406687364943e-01
-4.273972347156207441e-01
2.332655638123690700e-01
-6.306285723933848786e-01
1.514230131717069217e-01
-2.872164021343996954e-01
5.716665332689196966e-02
5.695519748704360730e-01
5.175847471623804541e-01
-3.212798908977123613e-01
9.205905448914841749e-01
5.230917510597594688e-01
3.884805709887637626e-01
1.315374524179213633e-01
5.280016101876805479e-02
1.732654698467861465e-01
-9.481169989586366587e-01
-3.364606656179838229e-01
-8.544574539808915681e-01
9.009963997942354030e-01
-4.877952303659049971e-01
-8.450554303261865741e-01
-7.578915313497738282e-01
1.887483783842063279e-01
5.784035774408067265e-01
3.326554801229169023e-01
-7.956130258155942325e-01
8.068408655097067950e-01
-4.533430996059923945e-01
7.584305918590865669e-01
3.974687448675326973e-01
-5.291336012005258826e-01
8.332992557220197938e-03
5.344100933169957379e-01
6.482062478637320435e-01
-2.307337548397285776e-01
9.199420649471006239e-01
6.949614928229728150e-01
8.133303884616163160e-01
-3.437626338548385174e-01
-6.088535507430119509e-01
-2.584447004287639960e-01
-5.582730721406488072e-01
-7.708393563511473090e-01
6.147687739908223037e-01
1.572327548367817851e-01
7.999872684164999193e-01
-5.780365970982475066e-01
5.335505281294599111e-01
3.499125304833148320e-01
-5.600843829997534939e-01
2.757691854622505989e-01
1.752957093115494747e-01
-8.743103561895022580e-01
-6.557393506479309853e-01
4.437644381949239492e-01
-6.108765259325115160e-01
-6.780159900119360206e-01
-2.375031037307675508e-01
-9.606190073285385544e-01
-9.833013999981341513e-01
1.367650467368799472e-01
1.817714856692900227e-01
-5.528208789347663910e-01
-9.139345721475509166e-01
8.790909021119683864e-01
6.812972157466292700e-01
6.275462159604536794e-01
-9.973089643640777879e-01
3.001400263317710593e-01
-1.457020056490410109e-01
5.139875372657369823e-01
-7.221002430959106988e-01
-5.378573769500500923e-01
-5.268915768784925291e-01
3.115351472260496912e-02
-3.371805338533473417e-01
-1.695604861810338093e-01
4.403619366109201572e-02
-5.516469958400089801e-01
6.226684983004164842e-01
9.066463949965435365e-01
-3.276093346173605259e-01
-8.537102787260009151e-01
-4.850855302050649520e-02
6.523638229826338453e-01
2.594161821816709512e-01
1.263094370960839985e-01
-9.451312466934824741e-02
-7.939337842370550735e-01
8.633303497117099656e-01
3.704121316975212963e-01
-6.709342407563865240e-01
6.269418412093368254e-01
9.519509470605194146e-01
8.395933276120712829e-01
5.301323504151620458e-01
-3.218867359563359898e-01
-5.149222249148579511e-01
-3.730447622038104427e-01
-7.230040937933113199e-01
5.889743606210904314e-01
6.041044959467583020e-01
8.081295733740982978e-01
8.587068394764962864e-01
3.074728804739306209e-01
-3.069971132223314747e-02
-3.388097785208392665e-01
-9.900348692781641979e-01
7.070146695831285300e-01
5.432709669833777344e-01
-9.626033441553005776e-01
7.980449720067779307e-01
8.965236488376149282e-02
3.452928366975880348e-01
-9.732699686754893165e-01
-8.057085377732677856e-01
9.897132849695819967e-01
-6.101601044601598911e-01
-2.998098133737383542e-01
-5.910856098641423806e-01
-8.024182194720861361e-01
7.817683235571111222e-01
-1.977232453509318866e-01
-3.923192372319106447e-02
6.729536704857450591e-01
7.973585532135700760e-01
-8.928866743105281500e-01
1.931148987614215162e-01
3.656742584100927118e-01
-5.747811329047534112e-01
3.634392960231405123e-01
-3.870167830495379047e-01
-5.113789754798117038e-01
6.542464458533381322e-01
4.962981758922999642e-01
6.742986985034793435e-02
-7.373835186062704938e-01
-2.734371244055506800e-01
-5.438226424062782005e-01
6.828881413108129905e-01
-4.411496436214656924e-02
-4.515078945065598148e-02
3.529603614475180784e-01
-6.877855155008179011e-01
-8.156440291426703126e-01
-1.287880798910090441e-01
7.882061565620752663e-01
1.291398261252032498e-01
9.851584924652607711e-01
4.751131377827955138e-01
-6.334195786866418931e-01
8.891558258790279723e-01
4.637770276547878989e-01
-6.483698677457339077e-01
-7.575509039472867467e-01
8.894938815138020427e-01
3.725164815415151764e-01
7.096140506517065738e-01
-9.586068790308699406e-02
6.796537898394550137e-01
-5.942034212467803833e-01
-1.101236576600104211e-01
-6.123665624210141711e-01
8.913589760645861393e-01
6.349083312416421432e-01
-7.187346909732066358e-01
-5.535144596069769829e-01
-2.799973351915896469e-01
-1.974342784323124267e-01
7.482554156052114713e-01
7.183022260755296262e-01
-6.394541781317597540e-02
1.228878934670023515e-01
-8.179027542845307419e-01
-8.163323050953517068e-01
-6.680400064495322088e-01
-5.576261520300771490e-01
-4.851028761812385959e-01
-3.398271231123226599e-01
-4.411255464183305719e-03
3.839797480722293432e-01
-3.055058640499148659e-01
-3.243789685981741666e-01
8.772090381541481907e-01
-7.426365540561041811e-01
-6.607487825837063955e-01
-7.670520801956437484e-01
7.124119635586290133e-01
-3.923863003790253323e-01
4.135656400853631176e-01
3.407802262795287529e-01
-1.417660370232922684e-01
5.933857249737954920e-01
5.119940893702965568e-01
-2.630473824435570762e-01
7.541427974873449180e-01
-5.251548178796494604e-01
-3.153523305106697983e-01
-2.549214046090764185e-03
-7.491405210946131543e-01
4.695129485592113294e-01
-7.363427447897998857e-01
-7.194211677397626126e-01
-2.611260172643858901e-01
4.305870152719859512e-01
7.960253877136782563e-01
4.941412494528036881e-01
2.995605221151698139e-02
2.908899962778772608e-01
8.340824707013896333e-01
-4.990278424607257346e-01
-7.305589978498594483e-02
-2.724678844514489828e-01
6.840548498151233225e-02
4.008516465516254179e-01
-2.384534594922917972e-01
3.961965882642111136e-01
-1.274123853916151461e-01
7.936014445504990800e-01
6.834820698718946375e-01
2.975089926606750979e-01
1.429264277506590020e-01
-5.273396909141743194e-01
6.969428723232946599e-01
5.441314848763547651e-01
-9.314036859040246696e-01
5.810872697998259451e-01
-1.124741222184231226e-01
5.599998582814820214e-01
9.470754365982525513e-02
-2.179781725550824500e-01
5.419680878686796710e-01
1.362225258480904699e-01
-1.769205534029054672e-01
8.941019753807610826e-02
6.339347419062768552e-01
