-6.314237281574812677e-01
1.631162770224043879e-01
3.950936140670251451e-01
-3.109818516505333807e-01
-3.838615067919879387e-01
2.654320733243644703e-01
-6.882657997335512867e-01
9.300653007892070168e-01
9.713643656411075078e-01
-2.495364610220298651e-01
5.462674807840794955e-03
2.071962901584289973e-01
-9.887854309784214202e-01
6.738344563018889843e-01
-7.902525147789059012e-01
-7.745448598943722729e-01
-7.030810523887787156e-01
7.376413886272648046e-01
4.518419301312528447e-01
-2.164921451389318907e-01
-8.421390077902255467e-01
3.532472218748878845e-01
6.537728470152430749e-01
-7.403305106457680473e-02
-7.961091320326110221e-01
-9.380886744983973902e-01
-2.410459103025628380e-01
-4.591427104557266325e-02
-4.936446514572860877e-01
3.218042168781651835e-01
2.485024979397651990e-01
5.561037060617888272e-01
5.162592534970740221e-01
-2.920909282787722550e-01
-8.646473498392788226e-01
7.959588975005529310e-01
-9.701144653651216920e-02
-7.728535479548956921e-01
-8.400184882603094483e-01
-8.819086994081264397e-01
2.741116278299835507e-01
-2.199492505449096580e-01
7.890874381990522490e-01
-9.465997263726677602e-02
5.926972559424912301e-01
-5.975441758832573669e-01
3.550746725242448498e-01
4.734664650183235679e-01
-5.745914265787894770e-01
-7.335454342607419242e-01
8.802982955327816050e-01
3.115416248478997119e-02
3.700901006288110917e-01
-5.519975438064694817e-01
-6.851983757759305682e-02
5.036424268651524816e-01
-3.533771564392025333e-01
7.261943042245340152e-01
8.436429380769354669e-01
-6.555111394928898605e-01
3.902224283843207520e-01
3.879821942925842926e-02
-6.328311892555331664e-01
9.116697958820796366e-01
3.068724715102983946e-01
-5.893485263347804093e-01
-9.455494167590394738e-03
-5.386338218609258988e-01
7.405149416977707677e-01
8.773919169312043298e-01
4.806272109326048536e-02
3.716549173489620550e-01
-3.299626763694685216e-01
5.680821793068835390e-01
-6.613687076053824665e-01
6.670159831310196186e-01
-2.851813914937650907e-01
3.280821154347113300e-01
5.046451150648239015e-01
-8.189637303153398662e-01
-4.284915176684969129e-01
-8.129568794492023631e-01
3.260642743071571203e-01
-7.693447489408409279e-01
-3.973973924705531680e-02
1.605195076037331248e-01
-4.916467685549636979e-01
3.933963878742829934e-01
-1.077687164544174347e-01
8.847084095116726221e-01
7.131180499814271379e-01
6.610608780159508147e-01
-6.938295114859251989e-01
4.505069764435312152e-01
-1.988419613761682747e-01
4.677602618929692646e-01
1.902859712118354363e-01
9.488436421393338094e-01
2.165913747001364520e-01
-7.761597775911166508e-02
-1.951243518707461710e-01
8.560199956925156339e-01
-7.166929306893599083e-01
-4.364717261516104507e-01
-7.292087993753544328e-01
5.552176130003187993e-01
6.593862038773348200e-01
-3.244117053661925709e-01
1.279931150689108676e-01
-5.588088921445284463e-01
4.553362264438551854e-01
8.984246032938620896e-01
-7.216173253961870593e-01
2.854765177384726016e-01
-1.395932796056738034e-01
-1.649634607234298223e-01
-7.357907686443843076e-02
2.502116025807523680e-01
9.014460271988340434e-01
-2.909617451497359397e-01
9.609548552008435607e-01
4.317672228094115994e-01
7.236710917977340340e-01
9.051564795127025054e-01
4.438600884911816369e-01
-8.607364552577470018e-01
-5.577144041875685687e-01
2.744262846917886467e-01
3.079375036074383232e-02
4.291477645592911561e-01
-1.429978454298537205e-01
8.217071680391145883e-01
5.798169082878490421e-01
-6.968577352361029487e-01
2.436338675689704303e-01
-6.589285149813464137e-01
4.632162433315469841e-01
-7.814416547657492274e-01
-7.957099937725720107e-01
1.156157251229446015e-01
1.874128764569940042e-01
2.962865965777856658e-01
-3.738716749895845126e-01
-1.043587617831576164e-01
8.761477547962779333e-01
-4.565346651670108002e-01
-3.249568844186112582e-01
6.661188998419849128e-01
1.645235430111653407e-01
-1.492916372701085237e-01
-7.748460816388809125e-01
7.000293564718056416e-01
7.759357308393630692e-01
7.511856120026001449e-01
-5.469329036193615323e-02
-5.071846925679552864e-01
-2.487970134055041971e-01
4.085996188061074008e-01
7.419329573849948734e-01
-6.326453271755660968e-01
1.994082999193860228e-01
6.832095302760363698e-01
-7.412069546239472562e-01
-6.417377290331907069e-01
-4.015034978568410295e-01
-5.418705963852654683e-01
4.505078377281379609e-01
-8.224749872030256981e-01
-3.966923414045451235e-01
-3.080463910500397251e-01
6.446372091941354743e-01
7.197450053407534742e-01
-7.190979778671231504e-01
-6.702992660324726959e-01
-7.101584930302071719e-01
-2.564495978450147540e-01
-2.510088435246293770e-01
-9.606417236115858405e-01
4.961810246319913187e-01
8.938959763373608425e-01
2.062509272389343451e-01
-6.846734374835905523e-01
-6.168029051485550696e-01
-6.042937778722727860e-01
2.482606389800956492e-01
5.833642155063529788e-01
-8.492208156481397818e-01
-5.515171656618580442e-01
-9.726520038748844854e-01
-7.810854819900456825e-01
-5.053451502194497014e-01
-8.206225635328106005e-01
-8.104896456147583361e-01
-3.349504951863395696e-01
-3.030550826318210156e-01
-3.532197876645430945e-01
4.948476832541099935e-01
-2.492944060489181712e-01
2.679972737256184345e-01
5.852821096833025205e-01
-4.246035352710033628e-01
-8.013545514548932047e-01
-9.615116690125735666e-02
-1.248610286663551783e-01
2.612431189954316224e-01
-7.628956930715657947e-01
-6.687918434001005608e-02
-6.185883481871281564e-01
-8.635181967283820370e-01
9.668124689949886275e-02
-3.919907653955394533e-01
-8.088843207191946938e-01
9.899935831141850606e-01
9.078585335882507490e-01
9.879409422429172860e-01
-6.316896702622156745e-01
4.934292232649313270e-01
8.587903157511198593e-01
-8.663457668612872808e-02
3.147846717161084662e-01
-2.023577337594537617e-01
-6.840866808292880297e-01
-2.741341815904447810e-01
9.696646245623374849e-01
-5.683722959749566428e-01
1.388570913650513106e-01
-4.286824146022731874e-01
-5.525279908052940225e-01
9.331036695697580985e-01
1.065946491380815875e-01
5.686444618839798792e-01
-5.261918436942245592e-01
-5.010327040866060511e-01
5.972845186704993647e-01
-5.918928747844696137e-01
-6.758352158894043171e-01
6.338451100741251398e-01
-6.634921883537376885e-01
-7.276095203600367878e-01
4.627844121773099229e-01
-4.085768546954038349e-01
-6.816187347416824416e-01
-1.881617205006125282e-02
5.131704438265445312e-01
-9.604236158049985761e-01
-1.929791537444403016e-01
1.043983907499335118e-02
-8.789952418771866949e-01
5.250821688389943898e-01
-7.008198729515169312e-01
-3.982137920349915206e-01
2.923798361400278267e-01
4.844385343535899668e-01
3.792242761383712857e-01
-9.591862683449292604e-01
3.577937896950922347e-01
7.861830181102091863e-02
2.116025766956139975e-01
-8.232003235958857967e-01
1.730502707422434394e-01
-3.052904154939559689e-01
4.078113561525602559e-01
-2.931014584236988352e-01
-2.848065829566335250e-01
-4.104074581696048885e-01
