-3.043976100961641729e-01
7.366492594939633154e-02
3.900348814035659029e-01
-1.755160369307184887e-02
-3.564971584023449158e-02
5.104872831536991784e-01
-2.946672453072667341e-01
6.993450965285525900e-01
6.470074870910023090e-01
7.982840606508551096e-01
-7.144791221894070121e-01
-1.455476642874357629e-01
6.791321267994160360e-01
-6.392158800814510267e-01
-4.430462875035887649e-01
1.622660283279798721e-01
-1.189422439442398560e-01
3.545335575783413185e-01
-2.210980775528248454e-02
4.107020371062058972e-01
-8.799611269240471823e-02
-9.263743329587316444e-02
7.837748202316769941e-01
-6.533549680115622316e-01
9.418741195694024793e-01
1.816707641735286760e-01
2.522873073645126585e-02
2.772539152495483439e-01
5.850407366963594757e-01
4.831208376955693495e-01
-4.407920240924966815e-01
-3.528222251176152402e-01
2.767918172222693651e-01
-8.846815037007652593e-01
-2.543057219878576691e-01
-8.597997309494496143e-01
-8.563437160406823789e-01
-8.994287563822135345e-01
-8.434784360311873286e-01
5.918723031438744009e-01
-1.838984894072731580e-02
-2.090886720010172173e-01
2.071659179670822803e-01
-3.421543994166992286e-01
-5.540481034624659129e-01
9.011404536795272757e-02
-3.992886613332162216e-01
-9.998378411679450517e-01
8.048289263030000695e-02
-6.883974174874251117e-01
-3.322070815802143362e-01
5.723259242489375787e-01
-6.861817133203148567e-01
3.405820728803113373e-02
8.688268273387943497e-01
8.488574519979084076e-01
7.389289426691814100e-01
2.254708735546498977e-01
7.600408949835013583e-01
4.434421355769809781e-01
6.627770573102679252e-01
4.101017972982961002e-01
3.671905116530167490e-01
6.931186130264754830e-01
7.280537669980171600e-01
5.773181634345496693e-01
-4.991853009005976505e-01
2.888130772753740860e-01
-1.625713784411380036e-01
-7.705890370591911287e-02
7.441424272371289783e-01
9.159087596260097053e-01
-8.882607630298716694e-01
2.494668571335433294e-01
-6.166364121881172666e-01
-9.309853904376312883e-01
-4.076562340873025048e-01
-7.777014265175108410e-01
-4.522555443815423071e-01
-1.179594345002466516e-01
-3.574535322715088892e-02
-1.804995554411680247e-01
2.697018953657054907e-01
-5.323194393150116888e-01
-2.145434147905963540e-01
6.003040006960481678e-01
-6.999430037838132446e-01
-3.290374302904208736e-02
-3.070993268783584473e-01
-9.164879560820814453e-01
2.064255386176155616e-01
5.400647668529043877e-01
9.565294517552731524e-01
-4.270588938332784967e-01
8.111593429628266572e-01
9.702207807629044112e-01
-3.784641476000516480e-01
7.570256758123615759e-01
-5.222167486715512119e-02
-3.240458810868616091e-01
-1.385991045179424397e-02
-1.103564232266540657e-02
-4.367259393839070802e-01
4.430974341709090214e-01
-4.554575000612977043e-01
4.615051289940027557e-01
2.742919568473654035e-01
-4.471815342688675310e-01
4.977221443183318939e-01
2.924259162022283531e-01
-3.638372406021009864e-01
-2.019672649751035332e-01
7.932864843487965612e-01
3.594587603992846492e-01
-8.631740819253689301e-01
4.045607623861319779e-01
2.947996755174080441e-01
2.924085264766529413e-01
-1.753719694694710896e-02
-8.691345464466586623e-01
-3.496047871044574151e-01
6.347507008437590637e-01
-2.373077597181799669e-02
5.893237552603074469e-01
-1.320995378707810197e-01
-8.642595037735416597e-01
-6.508407784411540664e-01
5.537808322363338975e-01
3.803314400867350842e-01
-5.359515034082905638e-01
-4.267215183985552107e-01
-8.557643575323479190e-01
9.470288430803867064e-01
-5.546368763792217660e-01
-9.935154250558905220e-01
3.601942574423662169e-01
5.622337951621801944e-01
-3.429481695807906072e-01
-1.910944141457345813e-01
1.565976833945772473e-01
8.544697204179464434e-01
7.472630194586501462e-01
-6.314694532705464880e-01
1.926810791559895875e-01
5.602588527592473611e-01
-3.074055123518247279e-01
3.707687150375365559e-01
-4.447081395839742046e-01
8.707585758429836620e-01
3.024001463669169221e-01
7.334575043258027005e-01
-2.027695075725491347e-01
-7.475272193678001997e-01
1.468776247823320724e-01
8.009211041400969844e-01
7.010162492061926542e-01
-5.205132124318475606e-01
-1.018968306855057987e-01
-7.259385870209313918e-01
4.664176700358040328e-01
-2.146504558404431495e-01
-2.045741145704622621e-01
-5.801956449046462572e-01
6.460920899003170792e-01
-9.376868952407343416e-01
1.542334587022514691e-02
8.286933556448530247e-01
-4.196158740136247123e-01
-7.198852703296725331e-01
-5.334073603040372369e-01
8.397897495709714111e-01
7.617076329679328683e-01
-1.187640444896733982e-01
-7.891185977713583988e-01
-9.988009329503848566e-01
6.950590588806420111e-01
-5.725388182337849408e-01
1.842398218809122579e-01
4.293614510605417434e-02
-6.457422660382541313e-01
-5.391117005403064377e-01
2.047282665962464054e-01
8.136011308871397008e-01
-6.244631961692650446e-01
-8.381681138410792542e-01
-2.219246598415525185e-02
-8.902833776426726242e-01
9.327062161775961924e-02
-4.639379657234797838e-01
4.591163082609098223e-01
-3.185063862464739826e-01
-2.417377103942357913e-02
-4.551865750080866801e-01
-1.569362028943102616e-02
4.853195385700254105e-01
3.851714300714051409e-01
-6.987887927600799909e-01
2.288299572551538708e-02
-9.251433235975915492e-01
-4.631310416108169736e-02
5.907333759413651020e-01
4.944690288267203360e-01
6.209344773474683166e-01
-2.293896971426788722e-01
6.888467760947570850e-01
-6.101434996374230924e-01
7.020418983517898726e-01
-8.089896714994808669e-01
2.784306858042545074e-01
2.588279233937232915e-01
-9.685194002027280868e-01
-7.021029423418867488e-03
-6.048258214476318617e-01
6.563136695817002597e-02
6.762800305041319904e-01
-5.481674292606449894e-01
7.093902697275691338e-01
9.597690873846831394e-01
-2.967976725033858454e-01
5.577207637023962050e-01
-3.513895643173138850e-01
2.526931290472654856e-01
-1.412564143281413997e-01
1.919673230844724521e-01
7.157701319807278084e-01
-2.694045520050816211e-01
6.227669178977085496e-02
4.616482073297231703e-01
-7.022748315202650415e-01
-1.683066251683997816e-01
2.331946482106747043e-01
-4.436767209697944914e-01
-7.524270505715335844e-01
7.588740939998351864e-01
-7.312226868153096637e-01
3.616527499618909514e-01
-3.216839597590370747e-01
-5.334977464526409197e-01
-2.245391313657824628e-01
-1.064162073980594592e-01
5.967176929488053894e-01
2.402650104564064137e-01
4.643705004265768488e-01
9.794753086795866537e-01
-4.478423058236282173e-01
-4.428911052473805676e-01
2.108453152100541184e-01
8.291004002909871939e-01
-3.164480404296464156e-01
3.536357971007993428e-01
-9.056717823143005386e-02
-9.586148775124765375e-01
4.979999261181102810e-01
-7.271235648798261009e-01
2.775704743730719737e-01
-1.135763090295767719e-01
-7.333777900354918611e-01
1.782142255211081328e-01
-4.736325785424104207e-01
1.633311383800309935e-01
-1.136855515278333284e-01
5.263253652660566662e-01
-4.279262562192028829e-01
2.332635234101471111e-01
2.725855199144900931e-01
