-5.794739603520951965e-01
-7.713712445070946000e-01
1.088953890055807394e-01
-9.883622819672459314e-02
1.138283729500934316e-01
-4.470724710464159535e-01
2.596801933962068487e-01
8.416499014835310266e-01
-9.097510859027582164e-01
2.791264486200742967e-01
9.928437661894571331e-01
-2.057109150562445588e-01
5.980418851145656856e-01
4.345246684227990208e-01
5.300849351345271465e-02
-7.664844870619376138e-01
-5.305903158768701111e-01
-3.140044803132342466e-01
-3.080455097588238877e-01
3.113793159851244718e-01
2.029775817171574070e-01
-8.188750834775384568e-01
-3.822031345869429664e-02
-1.171431067897852341e-01
-9.241805049241647030e-01
9.955598081913474839e-01
-6.209218104688163375e-02
3.241930795548251809e-01
7.320864947939542677e-03
-3.821561277550420410e-01
-5.124072340694613148e-02
-6.748445651847694293e-01
7.919186977489047763e-01
-5.431536617718089044e-01
-6.463301914879008292e-01
5.583267164988585662e-01
5.099210867574606176e-01
-5.306237004581234595e-01
-8.732340158432001509e-01
2.007227481184672979e-01
-6.140615220923190121e-01
-5.948932460840122838e-01
-3.917945120312740226e-01
8.686120458677595302e-01
5.886740436286891365e-01
-4.012655828566329963e-01
-7.886719461408889797e-01
2.208117477303455090e-01
1.802552346437213959e-02
-4.786187761360399251e-01
9.715941149806864852e-01
-2.408295165872619825e-01
2.824110467026466065e-01
-5.133518264710061896e-01
9.417994805469217523e-01
-6.565353439828955917e-01
-6.025695064560854242e-01
3.203528277810709923e-01
9.525448040401729433e-01
-8.960047225379732527e-01
-7.742272412935637949e-01
6.508118642726046232e-01
8.592857073198987283e-01
7.937306810507948063e-01
-1.696570249253468721e-01
-1.224729970983308436e-01
-3.377282079902557133e-01
5.882358502902063080e-02
9.051337194636375205e-01
-6.541136437751397803e-02
-4.195204200811991635e-01
-5.956160086944023435e-01
7.789344765501815537e-01
4.129022630256292681e-01
-3.602254707536425848e-01
-4.220129092364347523e-01
3.619720267299980088e-01
-4.255267897544072475e-02
-9.884717332930318401e-01
3.421269439051099481e-01
-2.146918913924317218e-02
2.949981936811757466e-01
3.532684278522026933e-01
-1.413091467102106646e-02
-8.037507707034161064e-02
7.736138355821406964e-01
4.244729345848460289e-01
3.029377350517882261e-01
-4.593567078997012332e-01
-8.000326148941426518e-02
1.873212239371260246e-01
-7.840948830060538999e-01
6.025112023084978619e-01
-9.242371129312699773e-01
-2.824611917630069913e-01
-3.927966459127248955e-01
9.333793305588073963e-01
-7.417035199902044518e-01
4.825124156657900065e-01
-4.380807277129424859e-01
7.252481432105044590e-01
-8.763616179906336123e-01
-9.047809359149746600e-01
1.314548332875516146e-01
7.651126969264243627e-01
-1.533511960266820129e-01
1.905849118951039589e-01
4.472930279182751323e-01
-1.594716676524658427e-01
-1.907300154589697816e-01
-3.779474281563491855e-01
6.739144284152923658e-01
3.876237263147903067e-01
1.936460175448876941e-01
6.292125256071221528e-01
-7.180876465225199956e-02
-5.685345007668402006e-01
-8.031025679862389133e-01
-1.978333130458249101e-01
4.878217875079662869e-01
-8.818262738862280292e-01
5.859583121692946150e-01
-3.383946390256013514e-01
-8.003878793007603853e-01
5.082086526913470736e-03
-2.079605014754321857e-01
4.371636278521777164e-01
8.805575162431212854e-01
-3.474240875857185218e-01
3.531366340029708506e-01
-1.420485857590062517e-01
5.181640571842663912e-01
-8.704911907313033215e-01
7.356483024113855684e-01
-9.895761468432469066e-01
2.139466391655048261e-01
-9.239204838343597626e-01
1.772366012667791479e-01
-1.109933590802027470e-01
-7.861788094408572736e-01
8.333372715640924300e-01
-3.941353762502052827e-01
2.138171371424688605e-01
-3.298739007642365606e-01
5.256745845074255463e-01
1.863519101432347114e-01
-2.924939491374631828e-01
7.951651445735543611e-01
-7.670330856562221911e-01
2.062500962424879125e-01
-5.937417382101891627e-01
-4.580274219197749686e-01
8.622788402091234872e-01
1.567268566410246478e-01
9.554568567742929286e-01
8.467119465810043488e-01
-1.780268720843838359e-01
1.359790544963767889e-01
-9.303731124160461441e-01
5.238418693675878091e-01
-5.685698887626637887e-01
-6.977094797277683114e-01
8.995895894018892669e-01
-1.187727468676645637e-01
4.702139628530701554e-01
-6.197705293901729640e-01
-9.431287015727689571e-01
5.570931119044431057e-01
2.679777082074173977e-01
-1.629931144020062561e-01
1.616136948639087800e-01
-6.885095672874227413e-01
-7.047452398930327266e-01
-3.339718102118172660e-01
-8.153735055049754488e-02
-7.433068815233199178e-01
4.745483493257867114e-01
-3.856961004730476428e-01
-6.849761765870909791e-02
-8.697790056485896759e-01
-4.241818089929387803e-01
2.345004157816759638e-01
3.318828126275759072e-01
4.611063826338733240e-01
1.471218922087577652e-01
1.642557952877745642e-01
5.690045665710707912e-01
-1.238040877608848622e-01
4.551580898849302281e-01
-3.887575242506257078e-01
-7.312757791270738661e-01
9.588897011702213202e-02
8.648523014858586766e-01
-1.757338006236493222e-01
7.453028328513617851e-01
3.095441179915209284e-01
3.249558642511251594e-01
-2.689646256074833541e-01
4.470662112409856115e-01
2.879081356629522026e-01
-4.913872339601871309e-01
6.913788966726708285e-01
-2.380604590526788078e-01
-6.228370612229144898e-01
2.764991756007730839e-01
-6.839466545323632518e-01
-3.642363317847119308e-01
5.001996158270747284e-01
9.904355880059284578e-01
7.992570357872921250e-01
-2.401141606112122129e-01
7.606673057331310162e-01
8.804151676946969651e-01
6.965904015396106042e-01
1.635880066179894732e-01
9.992602050148604587e-01
-8.044321473493835084e-01
8.385737543281112094e-01
7.574842414947418057e-01
-5.931983310725137404e-01
2.718241032281882852e-01
5.625558276347757403e-01
-7.765767930144493736e-01
4.706809418312934423e-01
2.420587506143942469e-01
-3.668664560239900951e-01
-3.260651559216884432e-01
3.608903112039418271e-01
7.753969472390900286e-01
7.378056392046515866e-01
-7.494886652043366571e-01
-5.891139532630196296e-01
-5.298433866655269942e-01
6.431830854556053190e-01
8.355670652093165618e-01
9.372220260747475828e-01
-5.796179041248532560e-01
-3.062573777978910838e-01
9.838991845056025420e-01
-1.056723693100189987e-01
-6.371192397500908822e-01
5.961471262058484211e-01
1.056961635075046035e-01
7.209807534486815106e-01
-2.489524110241947974e-01
-9.203303542588634478e-01
6.083196017451545368e-01
7.224688012254474323e-01
-5.684537192416506679e-01
8.890602845131920229e-02
2.927056580114572037e-01
-1.014573942513189997e-01
-6.691682793529779572e-02
2.346450859179664006e-01
-1.841289404021677623e-01
-7.643174600809435892e-01
6.593573997753232607e-02
-2.125473630870235442e-01
-5.360435562871512793e-01
-8.330080380882477487e-01
3.305883625119450109e-01
8.874483094696974383e-01
-4.517952423419104857e-01
-6.465499880742349159e-01
8.573735957569377231e-01
