3.079672464789775521e-01
-7.200637775249794093e-01
2.621930894326898187e-01
4.675084832602620644e-01
-5.462840102359222128e-01
8.762731349078338727e-01
1.991635788747650460e-01
5.453703580750934865e-01
-8.673757960834957981e-01
2.384903583229294743e-02
7.040006449976378144e-01
-2.166487024741879930e-01
-3.820239026177215114e-01
8.527355134110679025e-01
-5.187617381790201598e-01
-1.356516496043365105e-01
6.902574861658130612e-01
-4.397246113112150967e-01
4.817093752110797600e-01
4.674873693509624673e-01
5.832593369520009396e-01
1.527015528005308265e-01
8.195337437257976809e-03
8.544650948865716300e-01
-5.105154893934485960e-01
4.444296179276412406e-01
-1.964456642484551929e-01
8.672749387363505313e-01
3.446192745114692313e-01
4.472813268291792044e-01
6.447126092710501188e-01
1.512116206003035757e-01
-5.424285990663594292e-01
-6.090694049473907579e-02
-8.189742173287387628e-01
-4.811466826315642376e-01
-2.357039675682059965e-02
-1.297514190669562528e-01
-1.758482145074262704e-01
-1.105276313585054071e-01
-2.144309069157207537e-01
-8.404946714587069323e-01
-2.806244154721608264e-01
-1.489444637888307499e-01
-1.195085588948885669e-01
9.676084285515967887e-02
-2.421785083956478069e-01
6.207950932853055770e-01
-8.143813197129825543e-01
-7.099382035453373208e-01
-7.103656379541819499e-01
3.144314256487403814e-01
7.857200101895619460e-01
3.931706028942175135e-01
-4.697974325208101876e-01
2.904713492037737654e-01
-3.610363628376003220e-01
4.960754017593120846e-01
1.682169552445542671e-01
1.713288496282158180e-01
4.095983718274615604e-01
4.794594524690357074e-01
-6.485922146383363840e-01
-1.831673608555201560e-01
-1.448978669771392447e-01
-2.463306172405691497e-01
-4.917944940082253913e-01
6.515400903231021168e-01
-2.941352982659857229e-01
5.314872343204057881e-01
-7.268214551812912649e-01
-8.410965339892710890e-01
2.725214405954438091e-01
-4.539750298061755451e-01
3.661553889342915036e-01
1.363228726281863756e-01
-5.450072234924491221e-01
-8.364459368509020720e-01
-5.009403567834260773e-01
4.357654862139035412e-01
2.109466068110810166e-01
6.992605716956934447e-01
5.061942490846377263e-01
-2.160726507282500486e-01
6.243682409984904202e-01
3.884389754906137360e-01
-3.564927202365308911e-02
3.156371960226189710e-02
-4.984135990434591101e-01
-3.683329832676254800e-01
8.708170074406335059e-02
-2.119718741571913756e-01
-1.932771041050456162e-01
-1.373572365523204608e-01
-6.548285396741738706e-01
-8.971369928118835269e-01
2.050450644763108787e-01
6.196715088032225260e-01
6.019060197082245489e-01
-8.845447332835185694e-01
-3.115439333874737704e-01
-2.318660645701876855e-01
8.678793077311552917e-02
7.261058735906930073e-01
-2.520827049523329810e-01
-9.380437100640559578e-01
-5.152309261498289050e-01
-7.843979822329776308e-01
7.682169798294187224e-01
-4.418976607865838235e-01
6.393476979249970160e-01
-3.167835139766408403e-01
-1.308005357606423225e-02
2.233524634388099339e-01
4.677581635366843682e-01
-6.931624044719640887e-01
-1.694839193895950613e-01
3.148678744252995099e-01
8.071970591103854176e-01
-6.429198272099969635e-01
-7.519713614271587021e-01
-1.609352658736604713e-01
7.715806411795772535e-01
1.177765800467607260e-01
-4.328127293451671243e-01
9.016707000828662055e-01
6.855398095267936087e-01
1.813582474802927225e-01
-4.263446882948542238e-01
9.633473807999750615e-01
-5.295186433205539833e-01
-6.219093248978353472e-01
-1.641045711084428427e-01
-7.576669675854086350e-01
6.207360090786675499e-01
7.347438837147598489e-01
1.978448887175308091e-01
-2.381424270550359934e-02
2.900960331371961187e-01
-3.959991438812994202e-01
-5.791295595532492957e-01
4.966217956321209437e-01
-8.541443733511404623e-01
-7.703842284638829918e-01
5.248013719918047659e-01
-3.398645267212823118e-01
5.081811481086359050e-01
4.842344720916413325e-01
-1.389730776830514491e-01
6.293937701439875076e-02
2.170237900388544694e-01
-7.967453293855830676e-01
7.438043176981987137e-02
-2.874057738204998103e-01
-1.860731340709020354e-01
-3.550581584074538055e-01
-5.735223498556283328e-01
-5.984913155578374111e-01
6.203245833006421073e-02
-7.990150216508222769e-01
8.853239415202170948e-01
6.459685333792750672e-01
6.030543674365115153e-02
-3.053012312239661297e-01
-3.922218198155774660e-01
7.386473294360087483e-01
-7.352054636447471481e-01
1.981346322428034767e-01
-4.126869357830833529e-01
9.865004469284246458e-01
-2.963389884832065002e-01
7.450695767577519835e-01
5.111550242104565545e-01
4.501269950937730746e-02
-7.185458604582074527e-01
-3.329461938109509744e-01
2.236898447883280822e-02
7.409745679140686825e-01
-1.351440460417431266e-01
-8.376897516484894668e-01
6.877113456555600246e-02
-8.235120310123651421e-01
3.943017907269292799e-01
5.000193799545016304e-01
1.924689089049145818e-01
-2.859071115608596836e-02
1.605397650395122000e-01
-9.134625562278508859e-03
-8.624132955026444503e-01
-8.880913479494567664e-01
-6.284423597610825363e-01
4.917420460532339055e-01
-6.326275381717971769e-01
-7.499302657186392995e-01
6.985345845772830686e-02
2.889554033234591479e-01
4.838921562067908244e-01
-1.935737289867724420e-01
7.763043276535325221e-01
-3.407520686254131848e-01
1.842039374711260113e-02
2.256096824477606400e-01
-9.179080846289274787e-01
5.904717855060528375e-01
2.889040032622902654e-01
2.304564249852940616e-01
-1.697467926632988955e-01
3.812855990367758352e-01
1.639176779497816816e-01
-3.894229811950633557e-01
-2.279073834647787899e-02
-2.648680141120497433e-01
-9.587931202438453315e-01
1.289708265239095653e-01
9.331343025078153719e-01
-9.576974628096273090e-01
-8.479785845880538631e-01
-3.962252232918678230e-01
-3.450864065821466764e-01
8.529744312639505610e-01
-5.471889205286075697e-01
8.723982532164084036e-01
2.634744276193092816e-01
3.286453125858450619e-01
7.691131604348877548e-01
-9.208236704893215663e-01
-2.122318237114403927e-01
4.268550975455422947e-01
-5.464657232933088915e-01
2.125228354514497042e-01
-7.987447482494834938e-01
5.643917365200114000e-01
-1.459113470103110544e-01
5.544279686225209725e-01
-1.236577355542990975e-01
-7.563226386531763934e-01
-5.056996383011058693e-01
7.977338437435825824e-01
1.918011780749620532e-01
-6.979206137043693081e-01
-9.884365589901626947e-01
4.879365572645847915e-01
-1.685926229757833683e-01
-4.215462648724216388e-02
2.333458153657332890e-01
-4.692234147237189790e-01
-1.304028070843426534e-01
5.263298440737568251e-01
8.552350035126335959e-01
9.875250390042478177e-02
-9.932424334848526382e-01
2.356989709009558731e-01
9.221239180727067719e-01
2.647058588614154551e-01
-8.237344869849172468e-02
9.387399542950353171e-01
-3.253666038654970949e-01
2.846701939650863045e-01
7.449142105548529624e-01
9.837344575539751501e-01
-5.695804976242603290e-01
-9.792652011280673641e-01
8.098009159685983782e-01
-6.735992045020380292e-01
3.738528395222658895e-01
