-3.152637492492632587e-01
7.102973043881184445e-01
3.983011168963922488e-01
8.080628985173067269e-01
-3.178216377517497637e-01
4.041162287573689116e-01
5.245839611004382563e-01
-1.991481537488996589e-01
-4.573869085021742276e-01
-2.005023387338960572e-01
3.604972097800490105e-01
-7.543862314509308664e-02
-3.270780812815498595e-01
-1.470860460518808033e-02
2.555775357118493796e-01
-1.243797129908310595e-01
-5.037964618508904424e-01
-2.929198886454423834e-01
6.380499120339122587e-01
-3.083339443623873133e-01
3.185280817182536417e-01
4.991158755254594959e-01
-1.667162191514579561e-01
-5.813096162859332505e-02
-8.218012077648179092e-01
-6.159248311593555902e-01
-5.496776299793704190e-02
-8.843830772758920489e-01
-5.420156489882586026e-01
-6.626862017687302764e-01
3.790523070833583530e-01
-2.076414629166900283e-01
3.553760034815489632e-01
-8.538803030931768623e-02
-1.696199797131853204e-01
-7.539996715126893179e-01
-1.106512893105861539e-01
-8.689495155251314440e-01
3.376370132583970674e-01
-9.577043200426997860e-01
3.032569495190975406e-01
-8.099283592597432690e-01
2.227105225288291412e-01
9.150306062641080374e-01
-9.705342535180968566e-01
6.565884081246294857e-01
-2.030746803348175700e-01
-6.650799260796176338e-01
-3.082659112744363661e-01
-9.127232218268319652e-01
-4.150433388662819190e-01
7.374408029813067644e-01
3.098880478833307417e-01
2.503075585924517399e-01
5.335522231887163125e-01
-3.003376091473226595e-01
6.362917950620110563e-01
4.860580192968848023e-01
-4.392995090876707920e-01
8.782888250474163438e-01
8.724915503755282797e-01
-4.655834014840297685e-01
-4.336169541485319634e-01
-9.425914053872893605e-01
-3.229811838116721234e-01
6.215502073395359206e-01
-7.685167544598594525e-01
-6.793508797613121430e-01
7.377163351690287918e-01
3.768872440928809908e-01
-7.125261631897483738e-02
9.928038362333602151e-01
-3.223205757885819200e-01
-1.492870453147445153e-01
3.954590034732018977e-01
-2.585160332486539092e-01
-9.627927759875506974e-02
-4.156349604657543773e-01
9.738214431754670386e-01
5.927427742092445939e-01
-1.659702051178885696e-01
7.555644623352335554e-01
2.201702348035377010e-01
-3.025451314481129028e-01
2.199433963980634843e-02
3.668201688381356185e-01
-1.109692395516227448e-01
-1.812778945047944235e-01
9.039461334666872849e-01
6.628856188878837763e-01
2.647527761533144952e-01
3.456171210812290506e-01
-8.887056993902908708e-01
2.323196338883168621e-01
-5.025328107205517814e-03
-7.601122321474544918e-01
-2.975194364475389763e-01
4.370429108177967814e-01
-5.249361082607664208e-01
5.078697287361679802e-01
4.600364736712014846e-01
-9.099328437375909795e-01
-1.486250439508766119e-01
1.861269090214962285e-01
7.653716692499388241e-01
4.846504443814551588e-01
5.920520338289598783e-01
-5.161091189669728685e-01
6.886960695322785764e-01
-3.230744329503693058e-02
-7.578145691490574265e-01
2.711302397063823921e-01
8.253688487927800521e-01
3.328405618287541556e-01
4.036489285957369777e-01
-3.365534597667083072e-01
6.859639455969457345e-05
2.745275481882435420e-01
-3.202984182837792515e-01
6.546356193995575001e-01
9.137630384731905142e-01
2.986161016543981139e-01
-9.040425427924019264e-01
-2.080277899192979618e-01
6.080955969878143463e-02
7.227949981828584169e-01
-4.995246110681700324e-01
8.875714565503192155e-01
-5.979322962087589843e-01
-1.028700122865623401e-01
1.322247140076837080e-01
2.019306178857821488e-01
8.168067974482462468e-01
5.252143562094147011e-02
6.368244173925998730e-01
7.528186867514619074e-01
9.929204559171963540e-01
-3.455141818204720550e-01
-6.369521150147257060e-01
2.936324973548787853e-01
-8.757874525909046248e-01
9.833735671219553942e-02
7.072968585114165485e-01
-8.680600703510374938e-01
-4.421706888436238714e-02
-2.618493223090145872e-01
-7.481368377839860973e-01
2.128684605122108664e-01
-7.768389282456404643e-02
7.046437566426921872e-01
5.237156454159448415e-01
9.478644867884324920e-01
-2.946497880284548176e-01
1.485391824750087464e-01
5.756631674922937369e-01
9.381252758289078120e-01
2.743325662608465665e-01
4.474006667324754161e-01
3.198809256976442583e-02
-4.883051610474929416e-01
5.175258414970704823e-01
-1.024625531675599222e-02
9.799534191775430836e-01
7.502203732885209808e-01
3.355442537222318999e-01
3.664732843776125071e-01
2.802616946637418449e-01
-1.693872359433664099e-01
-9.501247601831562806e-01
-1.469699880376874601e-01
-9.515961053128141334e-01
9.216154144656655278e-01
-5.790054425850386099e-01
-8.339839307452171502e-01
-3.883619947477969792e-01
-1.428165005102333129e-02
2.050093247291873144e-01
-4.495334400135788666e-01
-1.541484138655434821e-01
1.864059304808680650e-01
-3.177085052704839985e-01
-8.652079967732260180e-01
7.364452588022640800e-01
-3.169791513833855046e-01
-2.114707327869799480e-01
-4.933034879973635656e-01
6.265556919326829011e-01
8.320760694188489293e-01
-5.887106770719144899e-01
-6.773219164409767235e-01
6.993499880526349299e-01
2.936464962088619624e-01
7.856869218197921612e-01
-6.483607768368258029e-01
-6.017393423520779328e-01
5.025193610369531605e-01
-8.183271076857016046e-01
-7.471741265331011128e-02
8.649678500581168272e-01
9.260149218876654320e-01
1.802815180825220187e-01
3.391369148384492105e-01
2.814272830603157804e-01
-2.864651315699804912e-01
4.221574391178613550e-01
-2.757021544712854322e-01
-4.653179038026211134e-01
2.092666882576995069e-01
3.920780687185959068e-01
5.298865193803758977e-02
6.361694899932489600e-01
-1.034762910174430450e-03
8.172679215435150191e-01
9.095564319953004517e-01
3.926636874421370882e-01
-9.921362073792279190e-01
2.738134569803112039e-02
5.289307786231878250e-03
7.360723868681510185e-01
5.343257551581920284e-01
-8.206124228419794386e-01
-2.415405582994042399e-01
1.864394998410878745e-02
-1.750967660992993613e-01
3.747645538013214539e-01
-1.075629429880142762e-01
-2.653894748277598747e-01
1.124765220550826977e-01
4.259166207748793509e-02
-3.245427080360210881e-01
-2.883934570139784492e-01
-4.960095999445803816e-01
-7.385374249953269299e-01
2.625837160048126728e-01
-2.157070791203588578e-01
-5.798866128780788554e-02
3.963194752954087852e-01
5.851540198099467460e-01
-3.134002010048319575e-01
5.610530329895433432e-01
4.366885082193747714e-01
5.707958039232912117e-01
9.243232645151100435e-01
-6.225844224228054280e-01
9.133454376753041837e-01
6.986018511023790456e-01
-2.768507267677524086e-01
-5.499939085861016430e-02
9.382741344626961411e-01
9.845358902136541746e-01
1.549728695344269880e-01
-7.694450807472740239e-01
5.272043579613112652e-01
-3.950724457472477025e-01
-7.575334178070983748e-01
-6.331003546119774450e-01
5.354938636211259428e-02
1.182030087517797479e-01
2.897342325321839579e-02
-2.575027515565025960e-01
4.422852094624464270e-01
4.988719010293781730e-01
9.254497421522311917e-02
9.951816288831982771e-01
3.619822661868085101e-01
