-6.897234010537663940e-01
7.350736144558212004e-01
-1.838962636647993865e-01
-4.171871994236254211e-01
2.045647613084572436e-02
1.344520525380931697e-01
-2.747858981525534983e-01
-5.465001824918598317e-01
-2.443187958417649963e-01
3.354300878501077499e-01
1.575356219514001399e-01
-7.137660293888760110e-01
-2.406176665343714438e-01
2.301823393413078289e-01
-5.488690003980152277e-01
-1.826726941506901514e-01
4.769202572982108035e-01
-3.290560039537101522e-01
1.117040674779115061e-01
-4.552366435465904360e-01
3.860055625926158696e-01
4.992605308224207228e-01
-4.446319457114913942e-01
-9.666083382977881389e-01
1.828925045719187459e-01
-9.883820367121171069e-01
-2.561472508628707123e-01
-8.545943405388367609e-02
-4.677775048092151500e-01
-1.718688595001051089e-01
-1.283667003501296477e-01
9.528235003749123688e-01
8.324363365308027340e-01
-3.228334324223938179e-01
9.800313025679896484e-01
-1.238091439634529944e-01
-8.111306340988110319e-01
-6.267015305672590797e-02
-5.404739746284183965e-01
3.150281549288920235e-01
-3.470602826194677526e-01
6.431612965891131406e-01
9.744921880177481732e-01
-3.522658611430088960e-01
1.130781563356741959e-01
5.392915330841768773e-01
6.792906064814439038e-01
-3.304530745913056844e-01
8.348984167764279540e-01
-7.727462706331541531e-01
4.180290941839068242e-03
9.230504285711274015e-01
-1.693424319189369420e-01
-9.138056645226494412e-02
2.004268204484029869e-01
2.923867768709644821e-01
-6.054065871346216987e-01
1.011810130597884383e-01
-1.336574944918938468e-01
1.332738898624945545e-01
-9.086137126066883285e-01
-5.104810303775847435e-02
-3.987128774804303832e-01
-6.187299931429779409e-01
9.553707508762118161e-01
-3.880628645649176200e-01
-5.735853585997472415e-01
4.305598359720415047e-01
-8.882953957877786078e-01
2.539558577386141769e-01
-4.810908799516913081e-01
-1.994291534945480393e-01
-4.109326750239225001e-01
-4.633271522189091329e-01
5.926881347812411605e-01
7.843472279308633111e-01
8.518873943491840350e-01
-2.272506905796261023e-01
1.509655854165516953e-01
-4.496254191385546939e-01
-5.869799940703330776e-01
-5.816392361798363719e-01
5.988425600259961179e-02
-9.338665081253049172e-01
-3.802789778135229892e-01
-3.622118691440438798e-02
4.588511310605165039e-01
-9.906871998473903984e-02
7.774576833640192142e-01
-5.765884868852242384e-01
-6.799390356229443322e-01
1.082065297782874858e-02
-6.694837770639405772e-02
8.672147968149024333e-02
1.327734157876819809e-01
-1.785407314085993846e-01
-8.018440300517942765e-01
1.865401444158315547e-02
3.734019348536968819e-01
4.880179020691408631e-01
-7.506763433925240925e-01
-4.676606000544361041e-01
8.245044256764094692e-02
-5.833275146730307892e-01
-2.675951546391006075e-01
2.614779514747586631e-01
3.890145510989404531e-01
6.103325735793652118e-01
1.115031218957271975e-01
-5.673606451376594917e-01
7.492041041717285577e-01
9.423883831857708948e-01
9.955686567056345471e-01
1.310325620079145770e-01
2.866737040456111552e-01
-5.331149466579249152e-01
-3.874836879730668149e-01
2.858758780520667675e-01
-7.305226275287336479e-01
9.262031056197045364e-01
-2.609069222101739749e-01
9.961757648950166910e-01
-2.365952692629164078e-01
7.744249813157986218e-01
-6.417682056424868220e-01
-5.861820153786626575e-01
-1.968086332191693322e-01
-2.792091939175052051e-01
9.564063853492323908e-01
2.353594272069403637e-02
5.882179973791246130e-02
-2.162477582384310093e-01
4.563590259277394701e-02
5.601873998995584580e-01
-3.169313428382841691e-01
-8.118368497278973805e-01
7.671687245458220783e-01
2.587642112563046659e-01
-1.660082241198594377e-01
5.516907204412069277e-01
9.344832264382496589e-02
-3.636166198778253977e-02
-9.871327053539382668e-01
9.553855715303039009e-02
-3.277976285355904684e-01
3.756137635186451718e-02
2.384606496353312011e-01
3.951599189498343212e-01
-1.856970512448764266e-01
-5.293180172844631493e-01
-7.259246337686178219e-01
2.176473106556553461e-01
6.853698886828447634e-01
9.187890508393091737e-01
6.411708841080404619e-01
3.077128095702007515e-01
-2.452428987857165898e-01
-5.945022818886812610e-01
-4.395657562074337110e-01
-7.099921290944631869e-01
2.390705357568794764e-01
-7.278891491663619373e-01
-3.141886148535685264e-01
6.982230778312003006e-01
1.868698926146454276e-01
4.392562742992503488e-01
4.871892627125490316e-01
-3.916587724660058889e-02
1.170128903181799629e-01
2.478671001616748470e-01
9.333179579014390104e-01
-1.130335918164156461e-01
1.347639522400764234e-01
-2.740389964374828624e-01
4.085158117852554227e-01
1.553519385237817074e-01
-8.840140443697769301e-01
2.302791357348177304e-02
4.699766302339413726e-01
8.774791724157477990e-01
1.448730667893203539e-01
-2.370097993815097059e-01
6.707906430464418701e-01
1.996252095195311105e-01
9.446869765469823044e-01
1.064013737527405579e-01
-8.214069113071116313e-01
-3.844343536006677997e-01
8.751711839507019253e-01
-4.165361168168018602e-01
-4.911176021173990769e-01
2.808250513096344214e-01
-2.694781979698060992e-01
3.864481583295443778e-01
-8.167774195879409227e-01
-7.017319252696581078e-01
-1.227303833790903687e-01
-1.804286664480720948e-01
4.180378104186750488e-01
8.353272954079981050e-01
-8.123660342678640234e-03
3.426208542157292980e-01
1.134077791253972900e-01
-1.649519712641407954e-01
7.889649478847411412e-01
-8.815190694129062532e-01
6.310023303344857171e-01
7.839722154991352054e-01
5.805211797792983464e-02
2.336790456050243381e-01
3.530460475701944212e-01
-1.557433199616468089e-01
6.326122206578346230e-01
-1.140453365472670066e-01
9.509720905311915828e-01
3.004695243392449533e-02
-4.794295269881120869e-01
-9.864250667942826567e-01
-1.215185615608538050e-01
3.692270388132674608e-01
-8.326894159380822114e-01
7.752400603654094891e-01
-1.159330172732163655e-01
1.049128591813869305e-01
-7.545748119227517758e-01
-4.803575526491237202e-01
-7.724528643103804049e-01
1.297667735978020875e-01
5.138931563896449450e-01
5.347944833656717023e-01
4.163161793649612363e-01
9.462254649539765250e-01
2.990198347802530687e-01
2.933667945060383087e-01
6.736430605159168250e-01
4.962836328962324517e-01
-3.958184121702147396e-01
6.522070394078269828e-01
5.309710654772896721e-01
3.180157431569321513e-01
4.203341885198501049e-01
6.414510888292307422e-01
9.391766360094209176e-01
2.308577724926447194e-01
6.764683608752586341e-01
-1.759079785316272626e-01
-1.201603866336393711e-01
-7.866415088696256941e-01
1.738069364213388202e-01
6.756537117629559663e-01
-5.363172477498683310e-01
-1.817036449706305457e-01
8.917050195500311194e-01
-2.397049052558645199e-01
-9.910264519386278170e-01
4.487613339445921667e-01
-2.511321117844725892e-01
4.359599978296446743e-01
2.304254723396975679e-01
2.701783606629857282e-01
-2.286571981227403239e-01
8.239182899361570112e-01
5.723444600792779724e-01
-2.837100537507908360e-02
4.387110935748231300e-01
