3.778203173331392550e-01
3.077396282279035722e-01
9.646065092489551906e-01
5.810806738505522873e-01
4.166552342169861367e-01
3.801434777187276404e-01
-3.010570010201966129e-01
8.159232048008262517e-01
4.286694178968436519e-01
1.136929425918902781e-01
-9.393985945231333456e-01
-5.855691939437757121e-01
-5.564546435557814474e-01
3.613258318552102222e-01
5.227878432554955435e-01
-4.354583765752680358e-01
4.563032361592752606e-01
4.503138607059042342e-01
7.427426010678899182e-01
5.413599390488106344e-01
-3.858930515995363519e-01
-2.673447509981951020e-01
-9.828847451011142322e-01
-4.867376850130206711e-01
1.009623402139575021e-01
-6.388952419702804697e-01
7.629558322941598636e-01
-7.172191770913630693e-01
-3.096301596647989540e-01
4.312212382954301870e-01
-3.744982483764837111e-01
1.491863918538429146e-01
9.646276004757059486e-02
3.453411474459616715e-02
5.813030207441997055e-01
-4.376727262692294840e-01
5.388373901970527902e-02
-1.957755658535433874e-01
6.984141540128327996e-01
-1.091397176446728956e-02
5.471399057171318914e-01
-1.389003340815821719e-01
7.326253662243831233e-01
-3.093446587147114513e-01
-1.971388787976645629e-01
-1.840847999925638578e-01
-9.419186623612083586e-01
-3.693148946524821286e-01
-7.457727220574671412e-01
5.717008925604947223e-01
4.122288379182852402e-01
4.516925974282922640e-01
2.466227152214626184e-01
-3.903111128164586940e-01
8.508712905280719774e-01
-1.920809467153636318e-01
-4.653679758840101321e-01
2.035284320683524717e-01
-9.686862250046003320e-01
-1.119203512800328593e-01
-2.987277884727238542e-01
7.419960079361148653e-01
3.292276193174383803e-01
-5.192953424650228467e-01
-8.056171871954801444e-01
-6.232711356195310692e-01
9.281918785835490127e-01
-7.222137796603023130e-03
4.444785308544152436e-01
-8.973450487773745321e-01
2.221958066767114603e-01
-4.534254970496887083e-02
3.356456705614251357e-01
-4.938731489636674077e-01
6.721174561469148712e-01
-5.066690813794105797e-01
-2.340642881012048315e-01
5.842628518313088826e-01
4.550133508748749889e-01
-4.965761383212207725e-01
-6.943230779008495723e-01
5.137060811302345265e-01
9.997925002930929672e-02
2.969158110114212823e-01
6.112808612720205259e-01
-3.889055298746598721e-01
2.336234728877208122e-02
-5.742520470261225363e-01
2.509220419649588196e-02
-2.840122573092710989e-01
2.433560155734977304e-01
-9.427902566340627954e-01
-2.569323426480829009e-01
8.263300688137755756e-01
-7.379806006349877434e-02
2.297183101173078945e-01
-6.021953046554442412e-01
1.074518298174066966e-01
-2.001550783111677445e-02
-8.475740517455160328e-01
3.618955452968549702e-01
-6.099901260613262988e-01
6.616647771043170367e-01
-4.473043829316700193e-01
6.903192257239190166e-01
-4.344138048299887589e-01
-4.531706497122693911e-01
-2.876794924611959514e-01
-2.953048253808028267e-01
-1.700548497711956430e-01
6.768632445961948463e-01
-7.282495557462917990e-01
6.931443814423009497e-01
-7.792123530756207561e-01
-5.345797680291392018e-03
-5.060008292886519765e-01
-6.044414438922929289e-01
-7.966715095921838019e-01
8.695298975466738689e-01
-1.431975259790158050e-01
-5.748155198481194050e-01
-7.503223664315281649e-01
3.128781203228309660e-01
2.772153298817271461e-01
-3.447179510486219067e-01
3.486267701478399372e-01
5.200470102460019728e-01
3.390767272392832266e-01
-8.227112504897122758e-01
-9.384797664091610869e-01
-1.152690506381337521e-05
1.223291624872112071e-01
3.759271709131526418e-01
-2.054460842657590547e-04
2.477183365800815495e-01
6.540919274351518764e-01
3.485656359697775208e-01
-5.503257003908073042e-01
3.381025012820931819e-02
-7.517374899199222860e-01
7.128497392279171674e-01
1.082835092326308035e-01
4.265043204782352770e-01
4.720680344023430730e-01
-6.166013622627142254e-04
-3.138528695038275140e-01
2.021462771252889312e-01
5.763213452446406260e-01
4.062375540242532668e-01
-6.767362558007324891e-01
-7.419649914282033798e-01
8.288823867783332577e-01
-6.831897019765578172e-01
-3.799583821056994326e-01
-8.173899058695048847e-01
-2.422118937480757794e-02
-1.036393415938293705e-01
-6.716155974749561386e-01
5.191605735678577194e-01
-8.669634378209012393e-01
-4.389719408141311008e-01
-8.985531334925294100e-01
-1.426731731388797830e-01
3.241464001110947457e-01
3.879853304204140541e-01
-1.090557657038987438e-01
1.341830118506914804e-03
6.298924281091894395e-01
7.862197094829453947e-02
-1.469923362901340846e-01
6.239046923046120963e-02
7.888373609025529642e-01
-4.640352292804993395e-01
3.015249722894576268e-01
1.958750322364589125e-01
-3.023231862820791593e-01
4.955336465328239459e-01
-3.630261768384971388e-01
9.904184615317548346e-01
-7.700164394922522915e-01
5.149379647303704566e-01
-6.656306417737335446e-01
2.379670627849281850e-01
-4.338231362473459751e-01
3.855239706250262466e-01
8.899487359967815925e-01
-1.485361410686836248e-02
-9.463478386921215790e-01
3.245385268320671868e-02
8.286549440300716718e-01
2.691943368927766644e-01
8.673321914098921503e-01
5.457732704186407657e-02
2.839472617343670735e-01
7.772525800936239682e-01
8.683674295638987850e-03
5.768869424281388714e-01
5.547869568185403999e-01
-5.164449920561705598e-01
-4.279456763270201303e-01
-3.086292714741316612e-01
-2.286789756102203253e-02
-8.823999009195853116e-01
-4.850407358715570494e-01
1.271938115937217562e-01
-9.569606826504332142e-01
-6.732520115565918672e-01
3.210910533660227273e-02
-3.326779835759123283e-01
-6.987766088478200022e-01
-1.961021612788159674e-01
8.765260050905079314e-01
5.631106480770708966e-01
8.288192069290958308e-01
5.421350939028086735e-01
-7.610942169407248770e-01
-6.683720418031431354e-01
3.847451020304765712e-01
-6.744609769902731866e-01
3.277388282326031965e-01
-3.250682573501453843e-01
-7.268879724367249828e-02
8.771546102814589130e-01
1.724387459168703063e-01
8.326694847728594029e-01
-2.133252378014510731e-01
1.242571178009960753e-01
-3.909788248003814859e-01
-8.535691400028261322e-02
9.734555616015221347e-01
8.654657172225388440e-02
-8.956152970784161393e-01
4.204743604228136644e-01
7.276795903773448648e-01
5.190816853885180659e-01
-9.348967151118892094e-01
-5.878676636060752303e-01
-1.578085363415017151e-01
-6.386935185793754521e-02
6.145288156651868006e-02
-3.675684286646866972e-01
6.126984444753549308e-01
7.734686138842424841e-01
4.039832498965459928e-01
-4.190828138960735472e-01
-2.445681091578524868e-01
-5.595682028665689423e-01
-2.628111560376799050e-01
2.939651767054701770e-01
-4.663972558620104181e-01
-2.028171528653667233e-01
-5.749988762181252877e-01
6.164521511281493282e-01
-3.864055017051090113e-01
-1.846411385072006528e-01
-1.849841206890372181e-01
7.659147842744942203e-01
-4.040543688684134493e-01
6.359289885218041283e-01
7.703353018608502523e-02
-4.538849517338919282e-01
-1.794581002886562748e-01
1.885210040385989494e-01
3.848732202807222391e-01
4.053538384996266397e-01
