-9.215258042494367530e-02
6.509737743086123629e-01
4.867528334203152784e-01
5.608088116001419543e-02
-8.948569938887864783e-01
-8.902737588011817582e-01
2.399524471458320818e-01
4.547978691403333773e-01
-2.522982775787390164e-01
-1.673895796212740983e-01
7.124888454042153096e-01
-8.934206819291932167e-01
4.093067146071363016e-01
-2.051347399778600256e-01
-5.895640726274744559e-01
-3.498219144996979058e-01
8.561633480383279426e-01
-1.314104835518574710e-01
-6.449876806797159023e-01
2.722308813011053985e-01
-6.532054925401413747e-01
-5.917365623149561937e-01
-4.851198079331018320e-01
7.937013443709106664e-01
-4.954166184292119191e-02
-5.954601801063394984e-01
3.309672096335700697e-01
4.289483333508949947e-01
2.972863728952082063e-01
-4.237844948655045130e-02
1.940532188865260466e-01
-7.581408499170905202e-02
-6.985341131485796051e-01
-8.545406286993877387e-01
-2.554841317959422042e-01
-7.513035256695865804e-01
-9.899504602842863488e-01
2.353434623800967351e-01
-6.352331972958191741e-01
8.595610850039425710e-01
-6.323373235195672848e-02
6.265388056518752524e-01
4.694482529624399714e-01
2.701766345523028967e-01
-5.398136939471998019e-02
5.193383504303878961e-01
6.929933648407156088e-01
4.403295617046518728e-01
-8.751485962737870494e-01
4.160652858204445526e-01
-1.879886898471734291e-01
-3.473231301075712096e-01
6.265899712698155266e-01
-3.951831015736462227e-01
-2.633279478732242218e-01
-3.598832694724301007e-01
3.203213238621229753e-01
8.662692351629690535e-01
8.463155064578775644e-02
-1.313547443872014053e-01
-8.602173810625735051e-02
6.594199625144880894e-01
-4.245680356918857257e-02
7.025948999268876172e-01
-2.096721163044164005e-01
-4.503827341498147785e-01
6.131975735467107835e-01
6.819626785861379048e-01
6.432204121155613574e-01
2.697052280656651035e-01
4.066095530719100459e-01
9.387256764948435084e-01
4.935123484285723894e-01
-7.984414360985416792e-01
-4.539838697514733123e-01
8.212854917272995880e-01
-9.296325037771184796e-01
-4.608241706973437157e-01
7.688568374764570557e-01
3.199504097919751988e-01
-1.710177907304633038e-02
-6.805366070857652439e-01
-8.398041841733281387e-01
-8.573068769738498851e-01
-6.331940832843274691e-02
8.893754667820950033e-01
-3.770277647324467019e-01
-1.700567769546117436e-01
4.984746748101653857e-02
8.777151129664759743e-01
-4.785334366299998088e-01
4.329412117945143912e-01
7.485986838528442266e-01
9.109384931780357686e-01
6.259042236012857252e-01
8.067579302883833847e-01
4.771060745680113513e-01
5.385503169758401043e-01
6.832398474993508497e-01
-4.173347381071876860e-01
3.173841571021454033e-01
3.426317137921157663e-01
-7.483280718734930392e-01
4.135591243088283520e-01
-5.610734485258894733e-01
-8.591280984831617396e-02
-5.676500707000977641e-01
9.239915262023352671e-01
-7.766562944129917767e-03
-2.187016912662087531e-01
-7.466336663491255354e-01
-9.766637516598712931e-01
8.419136910998183954e-01
-9.308438011555684177e-01
2.909150149071240143e-01
-2.073964260457739073e-02
-3.197157210620260592e-01
6.323233328856536772e-02
-7.419508556187321968e-01
9.599340706174415150e-01
-8.976284708574926441e-01
7.390369255610762522e-01
7.486288984025373239e-01
6.220103495613797939e-01
8.217204533596911276e-01
4.462682229091665675e-01
-1.015019917123760607e-02
-1.671578657537480250e-01
3.699853450725816284e-01
5.687706327173540632e-01
8.862664977065943805e-01
-6.740154825292685725e-01
-7.553848372693294788e-01
5.394414374515370536e-01
4.101295887637812498e-01
-8.102246664124816977e-01
-7.274717211084533730e-01
-2.293162631286354003e-01
-5.865192167095663045e-01
-3.872086074601264194e-01
-4.665748984047186632e-01
-9.065295758603080234e-01
-4.769291046323680394e-01
7.667981179756182541e-01
4.979786410690532072e-01
-5.044174394857685595e-01
-8.515500256737660312e-01
3.167552592056699368e-01
4.765654931434832875e-01
-2.974821430496934482e-01
-6.386751464257034439e-01
-1.320165859150295162e-01
8.396817575166941605e-01
7.286776901936997675e-01
-5.942564284001865538e-01
-3.611151021659786409e-01
-2.631126411440241064e-01
7.390009472135892210e-01
-4.716542767651770163e-01
2.119345303367636824e-01
5.687213871982681468e-01
-7.106448639921243426e-01
-7.577720863797867690e-01
4.689927032762455372e-01
7.264009021128450261e-01
-8.849066278891370985e-02
3.551819374044513644e-01
-7.056112463802064472e-01
6.724548255773135086e-01
7.691561312853298915e-01
1.978455062194428571e-01
9.497245224611861047e-01
6.187051609562783661e-01
8.809746422444970637e-01
6.364421612310195986e-01
8.371856634535745911e-01
7.051268741078156044e-01
5.113577455782625236e-01
-1.559790880804534652e-02
4.470206148500017740e-01
2.216168601325745335e-01
-9.703815633115073780e-01
-1.237295914223608406e-01
-8.442954295428961586e-04
6.793649283134999273e-01
-8.105805532823771031e-01
-8.043285943931959281e-01
-3.743268818589466918e-01
8.131806321106838098e-02
7.314640432245302915e-01
8.290413911297582761e-01
-8.096339150217435332e-02
-6.164406081745059662e-01
6.720749369441483267e-01
8.562704158600937809e-01
3.952937519469899019e-01
9.899135722928620318e-01
7.283557452621425288e-01
7.301004335506331433e-01
-8.651445678205764711e-01
1.034513470375288957e-01
-6.347425907482717733e-03
-9.623233472578938130e-01
9.970105397057773544e-01
-7.980759965294230707e-01
6.494627570582853782e-01
-6.318576152584072236e-01
-3.342576084750650267e-01
-3.417538950811422893e-01
-8.480856918133854450e-01
3.411414062557751592e-01
-2.377922006348613948e-01
9.319175226278177959e-01
-1.415037175401103742e-01
6.907584100920158843e-01
-6.894987807972103866e-01
1.129601092299894471e-01
-2.073410706941329895e-01
6.554850374386211875e-01
-5.856209731903925242e-01
1.925795244315176014e-02
-3.481207101718071240e-01
-2.522539064330202585e-01
2.334912943757516679e-01
-8.707537271385623612e-02
8.393172139989435454e-01
-7.178440045718810225e-01
-9.387783624597769716e-01
9.377962203937009189e-01
-8.237292235221134185e-01
-7.690144919369314991e-01
8.819827379769029640e-02
-8.981687308943240300e-01
4.665824442149335560e-01
-5.359664380847855014e-01
-3.553701231260024684e-01
9.947522970004871734e-01
1.641008970427515479e-02
-9.401982538613098406e-01
7.452288572982155301e-01
6.400144689003175458e-01
-8.961860439507529641e-01
8.261749443451007480e-01
-8.233562540141829977e-01
6.306157284571094479e-01
2.542944082853757504e-01
2.744012865514400268e-01
2.753625824869039285e-01
-9.014630437848449862e-01
7.779221486268683705e-02
5.766732385973309949e-01
9.922224781777424507e-01
-8.848527854004957227e-01
7.660599946789137249e-01
8.511133901601317664e-01
-5.706053029395026233e-01
7.550583962373269564e-02
-6.408654055876565891e-01
-8.541595233796595021e-01
2.537501839331879339e-01
-5.666211180181881524e-01
-8.697029262339843747e-01
-6.726495142436463848e-01
5.973490355769544013e-01
-3.480305532151208858e-01
