4.945275355996285871e-01
3.010539870712376498e-01
9.838921087564256318e-01
-2.645255678899247620e-01
3.954136237911911600e-01
-9.647413867674266008e-01
-5.083147832858170290e-02
1.012668906668132696e-01
-2.598809434503559501e-01
2.748913988527528218e-01
6.608525024542273307e-01
-7.954913027546941517e-01
3.263191906060336489e-01
9.600132790091184809e-01
2.608700310152469726e-01
-8.809499045399975525e-01
-8.348161857234892569e-01
-6.350511124659152795e-01
8.761161830317076848e-01
-7.248917933950940196e-01
-3.476837426602075176e-02
-6.602931250195931412e-01
7.779881881244730124e-01
-6.962651833856514649e-02
-4.099459485147598503e-01
-2.420051020014670762e-01
-7.631354513353938440e-01
-8.624352609671934733e-01
5.177656655122429008e-01
-6.291867931911256928e-01
-2.821592355368380822e-01
9.781599173707893335e-01
2.478855873972567458e-01
3.857743485635201086e-01
3.698298015708352260e-01
-7.861575144231616186e-01
-5.027932012379847659e-01
3.481194719230689127e-01
7.563388024031558743e-02
4.801371334935056190e-01
2.092502512342206966e-01
8.470499559640147780e-01
5.280262250110125954e-01
1.009078785439050385e-01
-1.645915547377247989e-01
-8.017409192831299602e-01
-2.664078890538146283e-01
6.901476817523068963e-01
-2.916964848119518727e-01
-2.754498741237203507e-01
-9.652412824259575252e-01
-2.649073562918231595e-01
1.835266967014876904e-01
-8.478915601140377678e-01
8.062293791473134075e-01
-4.874393538680650284e-01
-5.729354248199856059e-01
-8.618903007418206030e-01
-7.397256614869898161e-01
2.316117435020117465e-01
3.036252153792478037e-01
-1.150860898163792445e-01
8.529284178949767536e-01
4.624352740302879461e-01
-3.161676829785695642e-01
-9.668676585262439005e-01
-9.293474226466291732e-01
6.365211341347198903e-02
-2.408916650803631931e-01
5.366451163666829949e-01
9.090166180881464886e-01
-7.726844473561516047e-01
-9.652178920878782264e-01
1.380802575773971697e-01
-7.328216060775778473e-01
-3.061970337702613065e-01
4.423544932312755140e-01
-5.429111928044096924e-01
-5.453742978255906593e-01
-7.773254008078884780e-01
-1.680112004426479455e-01
-1.547507110741357383e-01
-7.187013203185945720e-01
2.192475258000829985e-01
7.700022269920037132e-02
5.454524515120495742e-01
8.699502878606046874e-01
-5.946800625500012760e-01
-8.120366577875843817e-01
-4.696946198647382609e-01
-2.371908841299523729e-01
9.023965403631857285e-01
7.775103523920403603e-01
-7.266011466363198057e-01
-6.340417348100841899e-01
-6.609757015618726861e-01
8.266966710272556362e-01
4.379763392830864355e-01
-5.443884302112718121e-01
4.593146416775475416e-01
3.845160527638025183e-01
-8.211854116038173057e-01
-6.947509556010003084e-01
8.841597221863553013e-01
-2.618170150833054599e-02
-3.073817428899863202e-01
5.580381028956435951e-01
9.072221701167972885e-01
-7.691888630468206589e-01
-4.406543965739142532e-01
-4.930783054827070355e-01
7.452894225430197750e-01
6.494922774883769012e-01
2.045294983501158015e-01
-9.595698024252530267e-02
-1.806056304754124486e-01
8.361401198779780941e-01
-6.569397750364636135e-01
2.186667980861405347e-01
-2.707560795135470766e-01
8.916605751547972414e-01
-8.650060794381750906e-01
-4.527742715102840432e-01
-3.613951471062755161e-01
-9.707933605444560854e-01
2.096193770980849802e-01
7.140818333643108584e-01
8.558914947838069942e-02
8.526080052510971452e-01
-1.081340614392842792e-01
1.092786466797768252e-01
-2.685510901863081834e-01
8.360795305063799532e-01
3.827775935340440583e-01
-4.039209292166139331e-01
7.551834946766362577e-01
-5.369538772573623220e-01
-4.858661391885339409e-01
7.521534676293566424e-01
-5.772849181222774462e-01
-7.967694051149771806e-01
-6.810265747483559284e-01
-1.935810970078903903e-01
7.647194550007849756e-01
-9.769605458668886300e-01
6.537211778744456137e-01
1.421245809242708269e-01
-9.039806790418818405e-01
2.683040016980620113e-01
-6.283386907963317558e-01
3.079113531414212623e-02
-9.293881469377669458e-01
1.245011999110856582e-01
-7.015215115998616469e-01
-5.567091760885767293e-02
-7.749332636187411527e-01
6.790774877622756112e-01
1.220659352938435749e-01
-9.525296006428904949e-01
4.539988939588712746e-02
-5.203673257439789257e-01
7.889877277708505776e-01
7.128676925745212056e-01
-9.672011715824506695e-01
-5.470376901816498272e-01
9.366942277444079146e-02
4.113271850469364388e-01
3.569850492094484018e-02
-3.717629298410038974e-01
9.101403937656233900e-01
6.621295485437570516e-01
3.410008445144891986e-01
-9.562524704844876933e-01
2.803904138124027057e-01
5.199061755145966135e-01
-3.909118393116044476e-01
-7.359612068174261612e-01
2.580585641938764052e-01
-9.760285993382065151e-01
5.323790715639247217e-01
-7.512496138418955915e-02
9.190985481332947238e-02
-5.706560830171840681e-01
2.247718429786589311e-01
1.891670521838710872e-01
6.256329614675437689e-01
-7.446243741910905101e-01
6.072681407303195389e-01
1.124160424697890903e-01
-3.119130906174538698e-01
6.660231107117819960e-02
4.827291289766582061e-01
-7.179452867903954871e-01
8.256000698071752630e-02
6.160979145801210866e-01
-8.124355215005123476e-01
6.107330330718059308e-01
4.913755138952169421e-01
-7.857634596832403506e-01
-4.245387463659300309e-02
7.383666128000445639e-01
-8.933354868226035528e-01
-1.066675227151381300e-02
-3.325567681716836699e-01
6.327040452285224159e-01
9.587783567860135303e-01
8.665364251015648112e-01
-4.009121403655655502e-01
8.385099507465931801e-02
-8.316374239468435903e-01
-1.601115590031094715e-01
-5.177670880299709566e-01
-2.065052129840554418e-01
-1.679905843563664902e-01
-8.382154285632097412e-01
-1.719173226948018662e-01
-2.651685366347928952e-01
-2.285707734473789721e-01
-5.249886620995842801e-01
6.520602418822294410e-01
-5.096171854364053289e-01
7.404515619252500791e-01
5.723623013336385235e-01
-4.392020511911549630e-01
-9.280760636044294021e-01
-6.025031920159615861e-01
6.999670618008961842e-01
-8.489798604252316583e-01
2.598911984033216438e-01
8.053034331367863174e-01
1.486939259579860284e-01
2.125526622564426482e-01
-8.372934862134466805e-01
6.238410735241410876e-01
-2.706592336544659805e-01
7.237985405551987661e-01
-7.347855094671920106e-01
-3.324389859881506926e-01
-3.292266003753876458e-01
7.259013774319489354e-01
-6.997317941712579703e-01
-9.232692999435863079e-01
-1.288649421774952231e-01
7.050731491588773103e-01
9.985055754489424729e-02
4.566387342888147405e-01
9.438904344386100931e-03
-8.352510347527832835e-01
8.833399246209545641e-01
-4.199043246884635039e-01
-4.796105087546480572e-01
1.532905845888052898e-01
7.887151415377344765e-01
-4.796539224410063529e-01
7.071025263292838314e-01
4.330003079847455361e-01
-5.795821709886512796e-01
5.157267028907079887e-01
5.097757208037387855e-01
8.419346776626583928e-01
9.894135421636376382e-01
-7.798545839889148290e-02
-4.815687644934996126e-01
4.967355619945286183e-01
-3.485793431777715057e-01
