5.028723591205419563e-01
4.279152456357402379e-01
-8.700134236001222376e-01
8.392895867903227280e-01
-9.684641733984045153e-01
7.448769862231530148e-02
-1.582060282963038134e-03
-6.175149589984918475e-01
-6.986307564847198392e-01
-8.247097945986954226e-01
-1.693610401857668091e-01
-4.225446469786680037e-01
-3.704169967339299152e-01
-9.237253229876563054e-01
3.794105277369430596e-01
-5.689576416631438871e-01
-1.321013144075842138e-01
-2.334151291157788854e-01
-5.072467214731211094e-01
1.390043771611644274e-01
-6.379052292137674662e-01
4.941524294931729511e-01
-2.122892274502443666e-01
8.510189487413393206e-01
-7.884570619057245100e-01
4.315488243342580077e-02
-9.344332996397539670e-01
6.158506884072014742e-01
-5.100396503344819532e-01
1.262366811135617883e-01
-7.027688218737542236e-01
8.550417388618547498e-01
9.177537162112212599e-01
1.552799957797348362e-01
8.894819423799755764e-01
3.520293308491850848e-01
1.044240310794286586e-02
2.327718789961525925e-01
2.667876851991257681e-01
-4.886652532605917365e-01
5.525461269145828247e-01
-4.591260750425718573e-01
9.367939159469413912e-01
-4.470312011507846517e-01
-7.857939118172074799e-01
-3.311085797611796888e-01
-3.962539441707544352e-01
5.199852590514841832e-01
8.436254133381981823e-01
1.632440860956279050e-01
6.106039718067064470e-01
-4.880391549573397381e-01
-9.197308787908313743e-01
-4.229363968215835712e-01
-8.192218091115810452e-02
-9.573801609526144674e-03
-9.076265609814413438e-01
-8.121237286373719222e-01
1.945988566643719331e-01
1.558853312020884729e-01
-8.962522342548353560e-01
2.281477445406112636e-01
6.301100054244974658e-01
2.655200366826377945e-01
-3.294312063133857382e-01
-1.390806058892377628e-01
-1.838299974547232818e-01
-4.328341730193117076e-01
-6.093499672529492095e-01
5.966548400155460286e-01
7.650425879875191182e-01
-3.426463900824940900e-01
-2.359549349769229920e-02
5.428074907346691624e-01
7.229274608692113357e-01
-9.885863669532681808e-01
9.193264365261950566e-01
9.994004393029816136e-01
4.098855124144400452e-01
-7.402400944293920926e-01
9.643401549423999963e-01
-5.458072533165767570e-01
5.248963814673957007e-01
5.200286204669664070e-01
5.584447563140346737e-01
-5.988670102202291456e-01
-2.941170954058474063e-01
-8.078371219003059878e-01
-2.893567130750909211e-01
-7.262619001187624601e-01
-4.527189331388457028e-01
-6.623833918843158308e-02
8.291709924947276988e-02
-3.448395726175770282e-01
-9.983201703405997218e-01
-4.508567264006864139e-01
6.031100975492154070e-02
-8.791114407533080488e-01
5.095404517597719174e-01
-2.139309613744000416e-02
-8.187902436242882054e-01
-8.443836493157002021e-01
-1.241246149085364348e-01
-4.010156829537450118e-01
-6.145299763646798752e-01
-4.396714974695785649e-01
6.187594239933922324e-01
1.842544448260086121e-02
-8.576829068477784812e-01
-5.569868885613062925e-01
2.220735020393229675e-01
-7.478514194211369759e-01
-1.151983674539169833e-01
-2.138932035206080329e-01
6.203880016657272733e-01
9.702577750807870327e-01
6.046314100585681306e-01
-1.823620301037223168e-01
-4.718713808237675611e-01
2.667481696502154165e-01
7.294936664101436818e-02
-3.093036406580980113e-01
2.195488062924926265e-01
3.768454780523871062e-01
3.388753048518879929e-01
-4.740928595861868544e-01
2.492169594416753231e-01
7.916937623829598536e-01
-5.779005151869991419e-01
-1.437418943675050631e-01
-8.106803391292918270e-01
-1.721654698377450554e-01
2.857667002995845085e-01
-2.967794817670965646e-01
8.859413961132265314e-01
4.291349588032951079e-01
-8.018783966288240972e-01
-2.601597328805982379e-02
1.622708212210941525e-01
3.608265601666005296e-02
-1.068107054127422906e-01
-9.317103104228752208e-01
-7.204999612641294071e-01
1.981653531247296041e-01
-8.911419155926145752e-01
-2.337696500382171472e-01
-5.857313641331931553e-01
4.227580138584972058e-01
-1.772958158197448508e-01
5.774306647478835153e-01
6.961324092071388137e-01
-7.458502016342818397e-01
3.689603904914351418e-03
-9.191714971459905570e-01
-1.398251386805826613e-01
3.691679090225090665e-01
3.442751180295948732e-01
-7.951449918505586467e-01
-2.491710339086166126e-01
-9.857843564621358023e-01
-5.167820887532623697e-01
-2.237253426177421289e-01
-4.825613048715859943e-01
-2.015652614922200936e-01
-9.749134043738714173e-01
-7.884908993642973929e-01
-2.697187650931331948e-01
7.687474215319769488e-01
-3.483737936217587983e-01
6.253519424516689185e-01
-4.983316979261906976e-01
-7.055019635804691269e-01
2.133599119228721808e-01
-7.347063392416237626e-01
9.731208540927898110e-01
3.363146971904005245e-01
-2.790118343493328545e-01
1.974737442673291099e-02
-9.268280560188328909e-01
3.844489543995788239e-01
-2.170883921658215421e-01
8.504804357192696784e-02
-5.541711144980745463e-01
2.762456989416848252e-01
6.392444575273508178e-01
7.652408293585719612e-01
-6.435009683086911902e-01
8.128271070453907399e-02
1.357071982414730371e-01
-7.773865025797670469e-01
-1.050528580641398868e-01
-5.139312989604654103e-01
-9.966476039205285353e-02
-7.518863455301751930e-01
-8.034100075965611154e-03
7.687179159605816992e-01
1.767195385119046946e-03
6.258929162948929648e-01
2.069446789522366714e-01
-6.418002594072527156e-01
9.401178809592487529e-01
8.529091088452618319e-01
-5.885454754406023170e-01
-7.678567961105045026e-01
-5.737744054258540061e-01
5.400279672600727388e-02
7.140743971891536646e-01
-7.695394848163130685e-01
7.921291641009269302e-01
-9.983930801199103477e-01
-3.596418002707313377e-02
4.074019770356871462e-01
7.556941653121138636e-01
4.489397945108066779e-01
5.972355038963212959e-01
-2.812621835897939349e-01
-4.235793977834103607e-01
8.169091778602608489e-01
9.941743058033853941e-01
7.246375478682263171e-01
-1.212649158389116355e-01
9.058257048152171809e-01
1.513790990769667832e-01
-3.102489417412608308e-01
-1.765449862837793482e-01
6.539290932501995446e-01
9.231047364759084051e-01
-2.882425053291333139e-01
-1.724624222005606278e-01
7.894388036464139446e-02
-8.994698284015931744e-01
-1.781844659376041751e-01
5.724471780910134200e-01
-9.437650739887319951e-01
-2.751221339315284009e-01
4.469883515958112952e-01
-7.702647940042759434e-01
-7.448824869887724631e-01
-9.056170775574079457e-01
7.422279594674416892e-01
-9.823677133349610902e-01
-7.565169037233110405e-01
6.141318040849643722e-01
9.183175544889763398e-01
-2.106880113169786739e-01
2.479349693333221527e-01
-8.967611961599770698e-01
3.661728492750537800e-01
2.811152261126452778e-01
-7.835022872408352601e-01
5.907582656643106667e-02
3.485483491661416355e-01
-6.447977363965353703e-01
4.977443455446084464e-02
-5.621085666411598236e-01
9.320107044942185226e-01
-5.174106840880918767e-01
-2.560149968599678694e-02
-3.348643983352679321e-01
9.643607349861760270e-01
-7.783729272146389100e-01
-7.004510581820744264e-02
9.469967772007807927e-01
1.633718835918860357e-01
2.636381907395515256e-01
