-8.105080317138160240e-01
5.506358043340928710e-01
7.923041516423832142e-01
8.769420247828918491e-01
-7.736767219517437510e-01
-4.129350214238498573e-01
5.154448458955134260e-01
-7.207508002861442442e-01
5.517850087583666685e-01
-2.273429337704513387e-02
-3.678876187824400290e-01
4.312546474326501844e-01
6.260677161797638668e-01
-6.201292029806126926e-02
-9.671770929909435655e-01
-1.230954364012368796e-01
-1.555369433451068151e-01
-2.290921983556477581e-01
-9.132441045607178065e-01
-6.436489601529020721e-01
-8.403512210482853018e-01
2.007261991163622472e-01
-6.708896834251334429e-01
-7.745721132511320661e-01
-6.463803865173920471e-01
-2.248715882452014814e-01
-8.167373673545896828e-01
-5.619103523091584229e-01
1.721148677349961797e-01
-4.901732139894845464e-01
-8.710249730150159131e-01
7.896576081827908489e-01
-4.347224941750789107e-01
2.644737363043914158e-01
5.316836847340322691e-02
3.431893786314876849e-01
-6.904376269826624224e-01
-5.299295059905406724e-01
-6.710060613443686872e-01
-4.083752727279794659e-01
4.873175745407238857e-01
4.247069293891752029e-01
2.953393702077709015e-01
-1.599905185673757835e-01
-5.593677064717399450e-01
3.983120918758853435e-03
1.132115545769276643e-01
-7.184043056338480504e-01
-7.970811964795574411e-01
-6.251625275163770201e-01
5.619894213915643810e-02
9.257125980946931953e-01
-1.439992836825221278e-01
7.082610917384442040e-01
-3.535481806895195422e-01
4.223401792622105688e-01
-9.599285927613820935e-01
4.167589105659141868e-01
-7.155901956677406250e-01
-9.999739447035049800e-02
8.402298804885950378e-01
-7.766200889619967462e-02
-7.085391794551465505e-01
2.246939732208435014e-01
3.293778376206788483e-01
7.086378663573789094e-01
3.085631108987920701e-01
-3.078821339841655291e-01
7.362002723297922380e-02
8.189871214104631481e-01
-8.637297651700392986e-01
-4.583292010055781684e-01
4.260113346999352402e-01
-6.614659178445356780e-01
-7.759831736805888891e-01
-5.665547362534664178e-01
-9.120867397914684815e-01
-9.091404543317804787e-02
-1.379456803338863224e-02
4.643386092522743258e-01
-6.382292221026129031e-01
5.501125718117221286e-01
7.131831134733783717e-01
1.176724661469910060e-01
-2.450448752079501524e-01
3.497237659078396010e-01
2.153299125533105762e-01
1.300365080990195654e-01
-5.444475908386112728e-01
-7.462778442595527917e-01
-2.473051023441865670e-01
3.936461031685618561e-01
-4.789416541965763052e-02
9.236459817615327861e-01
-6.149866205266942831e-01
-8.572880897830121860e-01
5.917628944578954275e-01
5.983968932063743473e-02
-4.325361584880256238e-01
-8.092347272169364558e-02
-6.630969602725804712e-01
-8.341780099268651938e-01
-8.763984994152698160e-01
8.963350429767673599e-01
-2.852294056546664791e-01
6.503750003591473039e-01
-6.512043305356924883e-01
-2.556761389357635750e-01
1.981027607694665349e-01
6.453534571373615858e-01
-5.914709256797225922e-01
-2.795942383661029762e-01
-7.969704449254566558e-01
-4.505342566444112684e-01
1.818673406166961826e-01
9.220014771273083998e-01
-5.819494927575201704e-01
-1.925025883956361650e-01
9.746328572338112117e-01
1.143094104399744459e-01
5.757664473061399057e-01
9.952694778356252492e-01
8.895042209136916345e-01
5.459020648762660244e-01
5.577369171525439207e-01
1.369542466312274609e-01
8.763571861951995334e-01
-6.893747488298294090e-01
-7.814812147757783656e-01
-7.746097214004330489e-01
4.451426539211840172e-01
-1.068551733081251065e-01
-1.241042346420788700e-01
-3.887789829281211862e-01
-9.691898986813025640e-01
-6.287919206549712481e-01
7.113599555380092365e-01
-2.023760544163175634e-01
-8.126532448239576212e-01
2.222251435324387181e-01
-7.775379346955655357e-01
4.358502149687950578e-01
8.895939824589631506e-01
-3.911271517000614040e-01
4.696583918310937023e-01
-6.548669622845844085e-01
-1.520449060319024603e-01
-4.027422150656636557e-01
5.719697974320108180e-01
8.994709093488852947e-01
-6.566129720354665356e-01
3.433347945244644706e-01
-2.613774904216197292e-01
7.270702965854409783e-01
-8.162613757329284514e-01
-7.349508287725736722e-03
-9.765615577303905503e-01
-4.707108149104137773e-01
9.375946689519165655e-01
2.839598648295640348e-01
6.056980326521061997e-01
-9.361296246430890200e-01
5.474087815260597623e-01
-4.105143800248696184e-01
-8.195801315562079026e-02
5.118032366787772514e-01
-3.823215938731028274e-03
2.541158406707704209e-01
7.666152643581871651e-01
4.818943780900515339e-01
6.993013415525803911e-01
9.455266361138410236e-01
-9.169959464886978662e-01
2.199259537141853293e-01
-4.787245636551955563e-01
3.882103828112852817e-01
3.689847045549508042e-01
3.100913348247551493e-01
7.008141853760434525e-01
-4.533160866336303219e-01
2.476003057904871962e-01
3.134979859608930663e-01
2.157480444134907138e-02
-1.385265658885170836e-01
-3.838340640473378862e-01
4.078651609022694302e-01
-4.140470591787197563e-01
-8.542294464019573041e-01
-6.742073412344729011e-01
2.100869654086887639e-01
-5.879068708660983855e-01
-6.871726308919952064e-01
-1.499592859874048223e-01
7.720909242346229995e-01
1.276866621977230665e-01
-6.743401442789138667e-01
2.287438309975091677e-01
7.479513739082521706e-01
7.789557434738549890e-01
5.206631202479692355e-01
-1.204765805909235876e-01
9.122764729302557107e-02
-7.692297922125941323e-01
6.308305348771601206e-01
-7.954155053972360445e-01
-6.842571504403560656e-01
6.612139185724743573e-01
-7.484168713427785669e-02
-6.074963994187265737e-01
3.588739082786600587e-01
8.230457140400360139e-02
-7.464305350940119155e-01
8.169300067337581517e-01
-7.938573835105748877e-01
2.286024813032030423e-01
9.083255946652113444e-01
-5.890742546373322064e-01
8.108594742056189908e-01
3.300920465825145644e-01
9.414203714850883919e-01
-3.520482926213865937e-01
-5.948143999468924470e-02
-9.735215987879881627e-01
-1.353549494467853886e-01
8.237999405393636732e-01
2.411840981076087687e-01
-9.429393758152366800e-01
-2.932400345541537057e-01
8.415325407182079331e-01
-2.646038111682909033e-01
-5.853014454308871350e-01
4.076788593983833309e-01
9.743333132341771563e-01
2.586421511813756791e-01
-2.763598497594608183e-01
6.920547785213300163e-01
3.146214284192674349e-01
-6.241361439856167870e-01
-1.801058654057030584e-01
-6.915381993940012961e-01
8.090428071942690202e-02
2.670945761791829742e-01
-3.403566429989892672e-01
1.386251354146508241e-01
-6.055771645223513300e-01
-9.402922674247609081e-01
9.388747867143647508e-01
3.011444751131282516e-01
-4.322804070880426064e-01
-9.416695288769982852e-02
-7.330607731186344900e-02
9.793452848811099454e-01
6.105525331343786277e-02
1.214407161837760540e-02
6.895066307350854462e-01
-9.197877527407176679e-01
-1.064803323333984864e-02
-8.968949316141945349e-01
7.091078113183690856e-01
-5.374805448079134074e-01
-3.214565368077049179e-01
6.764394269447540076e-01
4.476737953834737382e-01
5.349058475393750900e-01
5.041420532391793774e-01
