-6.860181932401403504e-01
-8.795826525942329610e-01
-9.402831633014874235e-01
-7.345756865217996090e-01
-6.879122812730442682e-01
6.812645985440091145e-02
-2.345371320933278270e-01
-9.952358980343791739e-01
9.478700123037950842e-01
-1.794725044353460142e-01
4.196750766509109720e-01
9.912555112813543623e-01
6.179933417274983132e-01
1.507767074628432180e-01
-5.306246161962220320e-01
6.387370075035991857e-01
2.595969913865563417e-01
-1.370453689895165805e-01
3.538608484164806889e-02
8.914897376492734171e-01
-4.597095857982276268e-01
-7.974108054895903130e-01
8.898732312094854713e-01
9.744940374994552901e-01
-2.015088776077154087e-01
3.440665213069094008e-01
-1.099769666590648676e-01
1.787995386668825848e-01
7.318493342487866204e-01
1.104823520981326190e-01
6.098322783118164114e-01
-3.501728435347051249e-01
5.503689062793166720e-01
5.479174755119919915e-02
-8.620524655388881463e-01
-5.383326006146649245e-01
3.271619284385434145e-01
-6.818785948890082604e-01
-1.274292298667745182e-01
-5.143886503354864193e-01
-6.528264373293037881e-01
8.116639652285153606e-01
8.972341826069114568e-01
2.220514929141086391e-01
-5.835595734101592935e-01
6.740978324016642098e-01
9.456348322257746020e-02
3.561129442510970744e-01
5.679961285951120598e-01
-4.565746030026149871e-01
-1.435167064187181651e-01
-1.585237418098204287e-01
-2.079470882589644631e-01
7.365848864424950904e-02
-1.485463018511632427e-01
-7.949873652454497730e-01
5.302469322863114787e-01
-7.049261097520316266e-01
-7.934612204461626295e-01
4.820109710637916489e-01
7.459697677318524178e-01
-1.238170343443050214e-01
-9.579243656276099639e-01
-5.895655479779247088e-01
2.430879334650408730e-01
-8.358989457248624522e-01
3.086195681359795717e-01
-3.533266027670949327e-01
-8.572416029871918752e-01
-4.840966047649037929e-01
-5.535726097801059176e-01
-6.595187834472628907e-01
-1.044872422071603246e-01
6.396674943620741516e-01
-2.856351250524571395e-01
-3.490142026327587299e-01
-5.093947463109003149e-01
-8.837512245651448772e-01
7.190926938158264115e-01
-9.120252095098808631e-01
-8.031975924789636068e-02
-8.906204308812957215e-01
5.887119965537015442e-01
1.866033978911301183e-01
-1.518365337193501308e-01
6.721504035370258201e-01
-8.313238756155838516e-01
8.811089843112664965e-01
6.348037028881652333e-01
-7.921617875790338825e-01
-6.178114167964752212e-01
-4.976375280168119364e-01
-4.248125929728197026e-01
-5.786914033242254174e-01
2.901887521471184783e-01
5.959299389348204912e-01
5.159267435639562915e-01
-1.172966734515774601e-01
-2.610711898067479275e-01
1.424497285559171988e-01
8.532022050920939904e-01
2.335354479205833389e-01
2.462891704544081239e-01
-3.853383804761973952e-01
8.255209085339823005e-01
-1.759284058124050976e-01
-5.635883854942425053e-02
2.618757624281626839e-01
2.308129322206797784e-01
-5.990862378133507971e-01
-3.492629039049959250e-01
-7.518628338972066505e-01
-8.299534257548530913e-01
-1.450063177592924024e-01
3.118917719053755366e-01
6.951933154184422037e-01
-6.020143032803670913e-01
4.374439457926178054e-01
9.021476088283990613e-01
-2.483470826758740202e-01
-4.023742347223915328e-01
-1.754872224009407233e-02
2.001310211981566223e-01
2.836693860576267046e-01
-5.019997937066131843e-01
-7.198568642988767419e-01
6.013012255987286725e-01
8.302911768129042080e-01
-1.930479651382486228e-01
2.228115902605702914e-01
-7.148937431179902546e-02
-1.106033466006273169e-01
-4.515569126999818828e-01
9.735616629378736064e-01
-7.456566711821601690e-01
7.487497316382107915e-01
2.155825532453365945e-01
-6.681375717094528710e-02
-3.136594152747353981e-01
-6.826058313029581548e-02
8.104929898700292679e-01
-4.315745105981985130e-01
-1.784613084247601567e-01
-3.034776437545574357e-01
-6.455094114894825985e-01
-7.542687967209729116e-01
1.295371296461838018e-01
9.739686250953580871e-01
-5.727277193601498784e-01
7.493187721874743357e-01
6.384450170002291536e-01
-8.157774486899516120e-02
-3.138870910321300833e-02
5.355870956397594806e-01
5.492160099096181636e-01
8.208841720890123206e-01
-8.308967876529995689e-01
1.582420315855017634e-01
-1.382914189845358965e-01
-1.838287005489833703e-01
-4.508833205293378832e-01
1.855159932616656793e-01
-6.809784769909346114e-01
-5.263887155137862983e-01
-7.476559783764804568e-01
-2.707688419875664554e-01
-1.461630828629167933e-01
8.651120543200896407e-02
3.071408814781277918e-01
7.037507007394798730e-01
9.640412184937940943e-02
6.351728225914381465e-01
-1.762624953134812600e-01
5.803799000527394281e-01
8.066583048126234612e-01
2.974507651947866371e-01
-3.182935210653512481e-01
1.184530434293953327e-01
-9.432749740931267723e-02
-7.785836248287436590e-01
5.613369938823433714e-01
-2.696560575214945743e-02
4.200856160496084790e-01
4.335597184148294314e-01
-4.602169914195621825e-01
-6.377706514945231664e-01
3.646215245255883808e-01
-5.676166937433511084e-01
2.921807925543340456e-01
3.567530118180384235e-02
6.994999779486799074e-01
-6.878993169162046506e-01
8.073002372606294941e-01
8.712758255434225330e-01
-8.279873062369549341e-01
5.112260708690161692e-01
-2.233843718729835448e-01
-4.573982771361826405e-01
5.950042883752382217e-02
-3.631055618748191272e-01
-1.823716277058566870e-01
-4.688655057724355757e-02
-5.757144295495075781e-01
-3.524740888529309668e-01
2.525528156092371468e-01
9.025400846040532166e-02
5.346387110197747816e-03
-8.715852084603987748e-01
5.606396661994512698e-01
5.165192470847337347e-01
-1.644544442498423464e-01
-3.994355359975536590e-01
6.225652386713860231e-01
-3.223475533047635011e-01
8.614941324765390540e-02
-7.023851569644354864e-01
7.940494498671619716e-01
-8.061607662409862041e-01
5.908384316283581406e-01
3.413388734345377262e-01
-1.563235026735847466e-01
8.737106189548222712e-01
9.340359830726296941e-01
-7.684102578123241933e-01
-9.358898966874618086e-01
3.789966367011079473e-01
6.849957935363371053e-01
5.424902159217825925e-02
6.917838652532419808e-01
9.591272499466061419e-01
6.647747744929335401e-01
6.442197074680791058e-01
2.966938000696399680e-01
4.293263162898917074e-01
-5.752463712317972266e-01
-6.826252202748483988e-01
-6.765924033390744441e-01
-7.904799974239922200e-01
8.565048877189536114e-01
-5.862452134511479951e-01
7.852004402889203316e-01
2.772240409493738067e-01
7.113387927509740027e-01
-6.744628162634460633e-01
-3.396019163732444390e-02
2.500596262970367079e-02
-1.514743964597424775e-01
-2.490981855611780205e-01
4.072573842398279353e-01
5.029887972790523243e-01
-9.605122182742855674e-01
7.450738650568888843e-03
4.731675031091064909e-02
9.407442525562976776e-01
-6.694624726818303451e-01
-9.946674212308470597e-01
-9.165604499919932646e-01
-7.505608136940109532e-01
-1.614898498065353571e-01
2.653486510227871520e-01
3.916745859170749355e-01
-4.506080394622140606e-01
-2.518154617118164573e-01
-7.768882027062924411e-01
4.915629838203061652e-01
