-4.125604641146107809e-01
-3.940983967982061298e-01
-2.592167073059929994e-01
-3.852801585996432632e-01
-2.783101554078755147e-01
-7.053941194874391307e-02
3.405586028652762831e-01
-3.234457201426108597e-01
-5.160488525444515417e-01
7.711864346164971629e-01
9.767203673843734002e-01
7.004682138054403318e-01
-2.177507445397230956e-01
2.382059598388737154e-01
8.504852531991611286e-01
3.291485718829332274e-01
-8.616417633891952921e-01
-1.156657102085694167e-01
-6.304492735059501474e-01
2.266207466652587765e-01
-8.694993974042564133e-01
-4.345280708936405389e-02
-2.619193151162910738e-01
6.029884500550386495e-01
-9.502220856653662562e-01
3.265699714384027175e-01
-8.269255076814034933e-01
8.065165140570320634e-01
-9.179310738341870390e-01
3.916013815817291910e-01
5.374541825733176736e-01
-1.917982978335250888e-01
-7.997954065700378923e-01
8.116125969630896275e-01
-6.062869574199607481e-01
-4.209448585140782573e-01
6.538008708345910414e-01
7.058899059171952484e-01
4.525248701954780461e-01
-5.292062585653221074e-01
7.633412848192373534e-01
-6.439835423529172154e-01
-3.163319176276147005e-02
9.312457874408592851e-01
-2.249755356412608265e-02
8.676890859951658097e-01
-8.451056401295959919e-01
-4.880036290538680710e-01
-2.030188618738466566e-01
4.091599283112807850e-01
3.762933338394298666e-01
6.270908740521119462e-02
6.532232363087691063e-01
-9.576614488333974329e-01
-4.944490524191331726e-01
1.433418505685732924e-01
-9.056493021116698294e-01
-2.543238233035005624e-01
-8.646440567941240385e-01
-8.787048496883169690e-01
-2.759858333414191289e-01
5.640565880278991528e-02
-6.453269478804668502e-02
-1.314611544693633505e-01
5.454490921962653616e-01
-1.350093687228866024e-01
5.043573528007920803e-01
5.002117326970596523e-01
2.186784350504933361e-01
-6.374350536831197012e-01
1.221139046328574285e-01
-7.961297213613771628e-01
2.772453229995237578e-01
-8.949981559647686158e-01
-3.865126952065678356e-01
-9.478251059568343351e-01
-4.293019726892817189e-01
-4.300530319509980881e-01
-3.563862444599832369e-01
-7.973318106175391051e-01
-7.011693034750017262e-01
-6.578167692619600881e-01
-3.950720632728801363e-01
-2.188939969798537888e-01
-6.238725477412494502e-01
-3.511909216326547511e-01
-7.163856719045296195e-01
-5.401753670409630281e-01
7.142528623453148207e-01
6.763076022863436787e-01
5.754367385783631939e-01
-7.478744087548256925e-01
4.787446318856747318e-01
-8.356497310240622589e-01
-4.289812981358627209e-01
3.625112033750226281e-01
2.372043223353732522e-01
-4.475001919868966116e-01
2.553641376054625045e-01
9.450731702106773824e-02
3.627141202160302225e-01
6.432162362692823709e-01
-3.673182910398937739e-01
-4.760431774664184434e-01
3.280191176334450454e-01
-2.516807698337413246e-01
5.669877578916293626e-01
1.102974576817232766e-01
6.778383148502400424e-01
3.563886910557994003e-01
1.004908200289318376e-01
-7.250255690070248615e-01
-2.292271480461469668e-01
-4.250512840359259581e-01
3.780904743025101933e-01
-4.782813469996545219e-01
-4.514486246472588782e-01
-7.727430716374183994e-02
-6.536812158085500979e-01
7.807107970527888963e-01
-3.352027166851940798e-01
-5.241663368517401889e-01
9.410156770507709378e-01
-1.943448820735338423e-01
5.262826000826639206e-01
-8.268988716148915064e-01
-7.689632692463697072e-01
3.155953089251140042e-01
8.651630688746767550e-01
-5.139657685566749734e-01
-7.032920785258778285e-01
6.551195687434034909e-01
-6.227960563131684779e-02
-7.372588361752119290e-01
-7.436673343215383092e-01
6.007742703125034112e-01
-5.748038189775801499e-01
8.519853783878512665e-01
-7.872745878913485207e-01
6.937688884352486429e-01
2.196585688665475544e-02
1.092694949579908759e-01
-6.664821869546315725e-01
-3.855610811761158718e-01
-3.029498352765811475e-01
-6.013019582255725304e-01
3.351410370877043743e-01
4.044094000612596940e-01
-5.599475614636200138e-01
-2.217312109991009805e-01
-5.807791445669119312e-03
9.377227792789346594e-01
4.746720841175453565e-01
-9.164852082499439501e-01
3.468254155463350585e-01
-8.758094618363916339e-01
2.549825416305226966e-01
4.707626454587650056e-01
-2.776335070021138662e-01
1.714343526956536579e-01
3.986452224594034810e-01
2.590156337946998288e-01
1.504221426850795851e-01
-5.446351241091342832e-01
7.084934908812687837e-01
4.744522114530040913e-01
-1.174403983508061078e-01
3.650984335519760204e-01
9.235543698899375542e-01
-8.255882467700075278e-01
-9.915979400571921509e-01
-4.697373999884599804e-01
-2.391787244179828242e-01
-5.812894784450768348e-01
-3.170265327763304164e-01
-6.517847677968586773e-01
2.670236986319964867e-01
-4.231851551673984080e-01
5.413761609756908566e-01
-6.705789332710088146e-01
1.161898512067311984e-01
5.870848650272573188e-01
7.386675298050322525e-01
-8.472945598929852995e-01
-1.293742577357812618e-01
-3.414162499630855052e-01
-8.022787844848289218e-02
5.190890590919079450e-01
-8.625924267952695956e-01
7.324148053951660131e-01
-9.075296877724947642e-01
9.018515145163377156e-01
-3.109420850036630490e-01
5.801943788794816648e-01
1.867849564341721447e-01
-9.012177625291273309e-01
-2.146095831765797435e-01
-7.330517190633878410e-01
6.179242127852193622e-01
2.076160246702418721e-01
7.089388709299686564e-01
-2.520709410440766796e-01
-8.294666112851345474e-05
5.486349871185800531e-01
-6.925470327867366827e-01
-4.517200762367374889e-01
2.598476617912774955e-01
-7.916189775620594560e-01
7.703219902674443009e-01
-4.318181813728403373e-01
-2.090236839891990162e-01
-9.870980431990563631e-01
4.691293876326319001e-01
7.569033991141020934e-01
6.565163084452032560e-01
8.317725832805500374e-01
7.190356418824896956e-01
2.673289091129387174e-01
7.308203252715954612e-01
2.976889674273983655e-01
8.618562604310731068e-02
-2.419323087716771514e-01
9.660407293758039859e-01
-9.379933933838420224e-01
4.207861796964111889e-01
7.769888005373757345e-01
4.405771755266130185e-02
2.412018033944418605e-03
-7.945094054145531715e-01
-1.522004008671589137e-01
-2.342862999237520505e-01
7.893651757450090845e-01
3.386876302518011528e-01
-8.982107361347746455e-01
-9.448592101603217053e-01
3.343060168917959540e-01
-2.446957638592197615e-01
4.611774632004324026e-01
-2.432677811395462797e-01
-3.968839425100756380e-01
-8.988636120081374692e-01
5.502380010618701522e-01
-5.514672447751638451e-01
8.696254989622937970e-01
-8.388053031928344172e-01
-2.385180492633578453e-01
3.013368067496220437e-01
-4.259696893082940417e-01
4.313752373509933680e-01
1.916753959919001993e-01
-3.614445502317971126e-01
6.452028455215557123e-01
-1.665675068588106100e-01
-5.782562763631069469e-01
2.189636917704838037e-01
-8.825516823417802748e-01
3.602095306941026642e-01
3.752461393662096523e-01
9.746056242448108975e-01
-9.657255447884405264e-02
-1.592899815504345007e-01
8.551880673573062364e-01
4.824365276046616025e-02
-4.315816453755649817e-01
5.647754340984798560e-01
