-3.513510789557743319e-01
6.343305524247577765e-02
-5.402129360442338157e-01
6.500513040896727102e-01
-1.720330718751914567e-01
7.599109209438370538e-01
3.281358177213697935e-01
-8.650964406664056749e-01
-8.639849510574661995e-01
-6.538236244742903214e-01
7.917818893116395085e-01
-3.032342765348805536e-02
7.732703830704943382e-01
2.104944578356837681e-01
-1.907443283355580999e-01
-1.935018429723747158e-01
5.775903317065276266e-01
-3.311169464987675504e-01
-2.917969169294567511e-01
-7.509290270667439149e-01
-6.476527896013475338e-01
7.530955515792898680e-01
-1.765475458001652953e-02
4.344255919218726891e-01
-5.181525961685715664e-01
2.212880376750159250e-01
-3.683565559727819405e-01
1.319898448569629679e-01
7.563457722398059246e-02
9.926257624843159988e-01
-5.921831059654334428e-01
-8.616759748952955711e-01
7.979739191286365774e-01
3.799774066726258059e-01
-4.448072830977969350e-01
-8.738212013935777733e-01
-9.940076835599631622e-01
-7.962162816835305357e-02
-2.304700069651974825e-01
-5.288742166902338226e-04
3.151303946094403674e-01
-9.002346615094725113e-01
3.566781015203455141e-01
9.698403883473860621e-01
1.742015331373243381e-01
-3.643470325714066593e-01
6.437358934144148392e-01
-8.211439880640152289e-01
6.511451794783280622e-01
4.462863100841196751e-01
-5.944826036396275715e-01
2.169930826896400156e-01
8.087148818603173694e-02
-6.712200977218865106e-01
-1.352741936006813805e-01
3.666081888100458652e-01
6.772111999139498462e-01
-7.419850956151210486e-01
9.827461170942506374e-01
-9.874835488392126326e-01
2.014885362971472471e-01
-4.038850006917058533e-01
4.821035736776140279e-01
6.166050545924415260e-01
-1.773133395063566375e-01
-8.828183788638124252e-01
3.832434877525809913e-01
1.488621367220388514e-02
-5.404857972082066642e-01
-6.714657091008542356e-01
-8.609317660035944453e-01
-4.922476786084426514e-01
-2.724797412007269326e-01
8.643026302494449808e-02
9.016052590008687417e-01
-9.030619804457669098e-01
3.931064965334385430e-01
-7.629970554996643450e-01
4.782298421852249071e-01
-8.338020161702213162e-01
-1.992692405349805185e-01
6.370177979011670821e-01
7.961060093801768378e-01
5.038553846344588916e-01
3.158742918667536426e-01
-1.760770575299113183e-01
-1.558790933531291056e-01
-1.736756865149384765e-01
2.072872415601014762e-01
1.934381242384088928e-01
8.886888978137603701e-01
3.118740310642706959e-01
2.145010462284557828e-01
-6.042669616363882668e-02
3.967942825591768141e-01
-2.779602607604141351e-01
8.983388998586154806e-01
3.798017380294294032e-01
-9.788186636771534221e-01
-1.318695199238613114e-01
-2.690935019368443371e-01
-7.426269011966142308e-01
-7.024281539569816601e-01
4.646953227869181635e-01
-4.590086952210394866e-01
1.268942032765094652e-01
-8.461615459118712046e-01
-4.266641133043569400e-01
-5.178455477880319346e-01
2.551765301892661153e-01
-7.217167300831668353e-01
-8.072171653671851299e-01
-7.749822882604331387e-01
4.706990610452144175e-01
9.525712900647040904e-01
5.429119665616324308e-01
5.522082575096931567e-01
6.463772684469646368e-01
-4.452707987094606246e-01
2.466702719083395667e-01
-7.547904432109346917e-01
-9.337857706970389415e-01
-8.679183465783235629e-01
3.602717600483607008e-02
8.011377855540491311e-01
-9.029269118674250194e-01
3.716507993678361821e-01
-1.096462408032634617e-01
-8.226409804201781917e-01
-2.175922125020690601e-01
-9.650623300401375282e-01
-9.602981053643531162e-01
2.123676680558177488e-01
-2.461501573954509858e-01
-9.101524161415921466e-01
-1.736354946016860357e-01
-3.767787143069043498e-01
-2.922191886961811313e-02
-4.169762433555208592e-01
-5.122014610710556859e-02
-2.293911791741867212e-01
4.145183767675679753e-01
-7.675529051851575080e-01
5.024941958752593418e-01
-8.736551658771760653e-01
-6.604759023384081384e-01
-1.022120777933877012e-01
9.686376294915719498e-01
-2.248269260557789195e-01
2.240819137775940106e-01
6.027405943014758627e-01
-9.133374136184071457e-01
2.984057396095287640e-01
-8.443735724001049103e-01
-6.568652245846795523e-03
-4.282360662483288838e-01
-4.072679256515177038e-01
5.433213250425816820e-01
-5.232618030890421323e-01
8.302459146970839754e-01
-8.547851961556183209e-01
-1.453775994063644106e-01
-6.275029956236277684e-01
4.314435274330961079e-01
6.059852089248096707e-01
4.454684187249517979e-01
-5.655182220551606687e-01
-9.456660381969039797e-02
2.526464751614481141e-01
6.667023486132597210e-01
-8.375643582420662092e-01
-2.454110127316344592e-01
-2.777082237581158797e-01
-5.225514241625577316e-01
4.045893865885052954e-01
-5.839593815621453299e-01
-4.966605132104264797e-01
-8.167709997825742807e-01
7.581613436785215043e-01
-5.513767131229370122e-01
8.264643162629394801e-01
-2.172522117899848837e-01
-3.339940088259101270e-01
-8.151532447669227466e-01
3.248134146097303443e-02
-9.642057111386552748e-01
-1.046495717973097150e-01
2.449420544012284040e-01
-6.274766943699008337e-01
-8.261610443408009541e-01
-8.951532006754208126e-01
-8.469130032886036386e-01
-1.514985199418312778e-01
-2.261690666999960353e-01
5.565310458785415193e-01
6.679362455478652372e-01
-4.688034741286148943e-01
-6.524632024852832224e-01
-2.496903922968709555e-01
3.199769792740889685e-01
2.693669630457771191e-01
-2.026032906681070056e-01
-4.376463553033205223e-01
3.426396107501876731e-01
3.770362258247650367e-02
3.597630749519056259e-01
9.784705830877475918e-01
-9.095142094090429286e-01
1.057693665041661291e-01
-7.945041386097047020e-01
5.970824769435623125e-02
-2.023490109955308203e-01
-4.240964821225867709e-02
-4.949114659311915077e-03
9.602822961639247978e-01
-5.608039073081751980e-01
-3.266459047891583367e-01
9.667685766292968275e-01
9.890650399189331310e-01
-9.236791364616436795e-02
-6.532159166871041034e-01
-9.425184517304188159e-01
-4.062272857312372309e-01
7.224806395355831690e-02
-5.698041293786304529e-01
-2.242276283114752466e-02
-3.341199212091592319e-01
2.528297709061355647e-01
8.065382646143497425e-01
3.946754160650787213e-01
5.643412549355963925e-02
4.451961479629995555e-01
4.606372027781062695e-01
3.236306755874740482e-01
-5.839695194608449658e-01
-9.316693606877737288e-01
-3.547484924239843185e-01
-8.763855226588019853e-01
-4.320591157548345773e-01
-4.089293263753250862e-01
-5.870865572817687283e-01
-9.122585293770861803e-01
-1.249423423975879466e-01
8.538932616666912168e-01
6.654721098057143625e-01
8.006194383489777522e-01
6.094974249637592489e-01
-9.280504430530351900e-01
8.953498449348826771e-01
-5.979431004214956769e-01
3.017580314536532082e-01
-4.023640230955281005e-01
-4.106519501728342902e-01
6.195568689004353757e-01
9.646259317277567913e-01
4.284062727509927448e-01
-2.826171654654947574e-01
2.083933636635464381e-01
-4.635291108065999754e-01
-3.594310198325301187e-01
-2.719732420428508934e-01
-4.529200210293293782e-01
-4.998158446381522069e-01
-6.661166597356542596e-01
-2.697677524677941641e-01
