-1.719013732382412840e-01
3.284790284020535633e-01
7.100917409130140800e-01
-5.444147706527457942e-03
3.942283492131348765e-02
-9.402292356774937243e-01
2.420436021136358473e-01
9.222121927150155329e-01
8.514020215940791836e-01
9.114255086035074616e-01
7.196490732518558975e-01
-3.684315953039822844e-01
-2.648375046763076224e-01
-5.487400412129401772e-01
1.189710011261781997e-01
7.487799872794418388e-01
-5.254888376470068234e-01
7.946500790635599998e-01
-8.902908088835914668e-01
-4.463182881924845358e-01
-3.557768223670392249e-01
-4.840765509580224890e-01
-1.411888867203920928e-01
5.811902936825301680e-01
2.506685563389035032e-01
-3.316416533575041736e-01
-2.134434430006282302e-01
8.694954399212113660e-01
4.413213015606816114e-01
7.596692082667590995e-01
4.421869719066797710e-01
-5.464708226974990257e-01
-4.620993702240454581e-01
1.334339622623506028e-01
-4.512168208667255431e-01
3.149212276230384244e-01
7.740903665668048550e-01
-6.649281903706809604e-01
-3.662120082905695462e-01
-7.690996653224619894e-01
9.046935486062117615e-01
9.093171548340164279e-01
-8.746869020051111221e-01
3.797613696633679314e-01
8.919448671992786792e-01
-5.712336952241821031e-01
-4.781125322472972172e-01
-6.908756678539891283e-01
-1.181066533569228305e-01
-2.736897013334620432e-01
-3.882744306850463012e-01
-5.682578489999776661e-01
4.476816322528751613e-01
5.609672640785046127e-03
7.640593885730369017e-01
8.314499981287870600e-01
-1.537010203468711644e-01
-1.851823029124759490e-01
-1.346546382240427775e-01
9.568095122836524080e-01
4.411403936088336142e-01
6.093518775014434841e-01
1.019030461747150174e-01
7.093439464078519219e-01
1.494728776050784358e-01
4.312482270533122275e-01
-1.524352355291638261e-01
8.366156230931733884e-01
-7.751920345006513280e-02
-1.295832152315088415e-01
1.111136163608474892e-01
-9.801232547387508376e-01
-8.529565792381399447e-03
1.734702985170408773e-01
2.852544395510894226e-01
-2.891272992684554843e-01
5.134585165555762831e-01
-5.349416795287742499e-01
-5.690023770791350355e-01
-4.654509437601328514e-02
3.665755691230569990e-01
4.427063904167110042e-01
-4.912950191056293381e-01
7.393531065428495808e-01
-5.044031328764047029e-01
5.457516503948343090e-01
-5.815184545669376259e-01
-5.044541042019843324e-01
-2.201746074387418428e-01
-7.656954770633492835e-01
-5.898658330733508315e-01
-5.145375909242226875e-01
-9.655032963607834695e-02
5.149127880876454011e-01
9.453950278384943839e-01
-1.638207240438505075e-01
-4.847799170687780990e-01
3.020454216045902474e-01
4.694777355561947640e-01
5.397577354586775567e-01
-8.293924406157331397e-01
5.248736542689340645e-01
-6.203710263253789936e-01
-2.212729537582815986e-01
-5.567833667078254667e-01
4.837616393572499174e-01
7.363194116293727554e-01
8.436405678395646479e-01
3.130957726627414672e-01
4.426079442688863885e-01
-5.507979195796615102e-01
-8.591201401795720560e-01
-1.444655598344952718e-01
5.163940985935422390e-03
-5.064305904544184056e-01
1.232255342102748230e-01
3.641751564836412935e-01
-4.614025184300940552e-01
-9.094861084662948514e-01
6.204791861393375019e-01
6.701945992325246682e-01
-7.142206964419670623e-01
2.619473168226851278e-01
4.991619239902689298e-01
3.750420278385637740e-01
-6.937077190666458559e-01
-3.663035988245180175e-01
9.883914528862636217e-02
-5.063523687158821840e-01
-4.625536175727418264e-01
4.740974871432843685e-01
-7.240263077589921270e-01
-1.218200223528620452e-01
7.023318935576898792e-01
4.805714731296455433e-01
2.172640047512526262e-01
-8.147280216467067682e-01
-2.329909823042386474e-01
7.037096164641443163e-01
8.713361491627704680e-01
8.992561885008307776e-01
-2.612550756121434503e-02
2.312708539760190973e-01
-9.303554345221145550e-01
-7.383545367809849491e-01
-4.762571251075258250e-01
-5.457229796335962835e-01
9.407742305298643082e-01
4.179665469525044585e-01
-8.071760714747562293e-01
3.654836519162751873e-01
3.990107735444696768e-01
2.152370701235357675e-01
-9.168806920988963327e-01
-5.692928714553437963e-01
-8.796131202792669690e-01
9.980194152339878499e-01
-2.068047838576128061e-01
3.792792348128075641e-01
-4.386994706984372883e-01
-1.673875305378409450e-01
9.440328525942611737e-01
-3.071192241294729008e-02
-2.874323365159821009e-01
5.096169783629524996e-01
5.142347967875351422e-01
8.081789167924640083e-01
7.894615544329020018e-02
-5.666463623933719607e-01
8.819069233124703366e-01
-5.423095279872349739e-01
-7.512386908109980332e-01
-1.758429207733733790e-01
-2.962896804052455035e-01
-1.944285154384981507e-01
-7.983313716804725235e-01
1.948481401698445303e-01
6.696425433460444498e-01
3.117939172156793948e-01
-4.884112364447443788e-01
6.100050032282895440e-01
-2.148839971759488598e-01
-9.844362170937843715e-01
6.041639119249400114e-01
9.832984738004189040e-01
-5.272959313709102425e-02
-8.509823039998563043e-01
2.319717128912279769e-02
6.197687742094843966e-01
6.075414184992067312e-01
9.702963320448065865e-02
4.067208822453554085e-01
-1.399657258210276201e-01
3.494215563275595571e-01
4.923988948783419861e-01
5.921524894389280647e-01
-3.832839831100003369e-01
2.261052665290319563e-01
7.956847764524144218e-02
4.786834713430894173e-01
7.630215112416440792e-01
-8.788372744040704454e-01
9.527883325173363005e-01
3.653003072280134322e-01
-5.914051961068527152e-01
-1.412864643865443526e-01
5.966209203467538469e-01
2.133816071371323897e-01
1.038105695087954139e-02
-7.781242424936374302e-01
-1.043189784063831560e-01
4.498267484108839920e-01
3.573932868639910776e-01
-6.380477872728840261e-02
-1.921973291496428260e-01
-9.864699078974823454e-01
9.322869033449032727e-02
4.152622179178520057e-01
7.140942567501988858e-01
-2.449515574477256763e-03
3.636066550351459981e-01
-5.334943324955128130e-01
3.875078898159580731e-01
-3.624677709179844332e-01
1.631468394689283841e-02
7.574625378762651629e-01
-9.488331666892422245e-01
8.399059427897201946e-01
-1.295975605123529384e-01
-1.921999249043437885e-01
-9.322461042446206214e-02
6.985997264085663794e-02
6.880943026090435843e-02
-1.928224357313679249e-01
9.765610389843846217e-01
1.496747376335794133e-01
-2.119702656940569696e-01
4.485788512289008434e-01
-3.689117788494888917e-01
4.915478438459970345e-01
3.648307094382297056e-01
-7.256083744412240577e-01
8.603050445428506166e-02
3.668617520463546278e-01
4.603564514750351222e-01
-9.829960001761879340e-01
-4.864626893378032335e-01
4.322327742058558186e-01
-4.820634407127302179e-01
-9.276692948644598147e-01
-1.887656515650635303e-01
3.820956258820060736e-01
9.819130769481685395e-01
4.465906555743421880e-01
6.942832646980487965e-01
-8.436149798009151546e-02
-1.397654888387709349e-01
4.498137305645768524e-01
1.322139690477186491e-02
3.933805507361438636e-01
2.863416819038042682e-01
2.522075658168094758e-01
1.687751295701445109e-02
4.397603520684603140e-01
6.155911240505189674e-01
