7.618430346729732072e-02
-7.564566663465390750e-01
-6.122659635250156107e-01
6.139603889047287044e-01
4.484365318520502353e-01
-9.514383569932087781e-01
2.279181359457058687e-01
6.085796360129567262e-01
-6.862434689375023211e-01
-2.407009042092982387e-01
-4.374287073928950775e-01
7.793973981241508753e-02
-7.014148122564585197e-01
6.133746633437326956e-01
-8.445940373128963952e-01
7.227053871294271126e-01
8.913499436886644922e-01
-3.086455653148454381e-01
5.075774386779958736e-01
-3.296426334994473351e-02
-2.855793578614602701e-01
-4.237901274120601247e-01
-3.179725359135241458e-01
-5.947742032339644602e-01
-7.454525391012218893e-01
9.948023319469685433e-01
-2.820929794555593340e-02
-6.847703402613949386e-01
6.448697497376649768e-01
-7.738310184057874963e-01
6.900535524261930398e-02
-2.608658823040841401e-01
-1.689396596003909234e-01
-2.435821962148303488e-01
8.404324151096185247e-01
-6.708265945629812155e-01
6.386971679011210767e-02
-4.831797842317309133e-02
4.273884755045846973e-01
-6.276279612575992317e-01
1.452764986017409665e-01
7.652274345447052095e-01
9.680853294707185697e-01
3.838210445574812280e-01
9.567037556990796165e-01
-3.485864833470837532e-01
4.876723402871467883e-01
-6.795238823398803696e-01
3.699016165799484668e-02
-5.115264743527601077e-01
7.824740783860875126e-01
-6.255419602599610052e-01
-5.181250743153962279e-01
4.606548386153530572e-02
-5.519389436684309924e-01
-1.839347424942539000e-01
1.816574410254365723e-01
-5.239468955621255919e-01
-7.778361709769849863e-01
6.694531307390851893e-01
5.438025565303024056e-01
-6.263368781711424749e-01
8.728766025574175025e-02
-5.913368629170461244e-01
3.278829894443648918e-01
5.359534815821052067e-01
9.125973526237607381e-02
-4.004891394933907112e-01
-6.507919985694621268e-01
5.012013563609496458e-01
-5.786075138918644889e-02
-6.838941441968009460e-01
-3.209893569039190542e-01
8.509962910179873496e-01
4.211672005889888215e-01
-8.926127701524979585e-01
-3.079697384325057463e-01
-7.967928597765883136e-01
-1.207722268565039059e-01
-2.500192880488563141e-01
6.875631205182719530e-01
-1.372948198311816359e-01
-5.023747841781827095e-01
-5.215451236249042388e-01
-1.949444990148114787e-01
2.044922470358652156e-01
-9.264700645946140067e-01
3.178119277904323248e-01
-7.289164499092222194e-01
-6.823759824785855521e-01
4.634536291197213220e-01
-1.192571271400488797e-03
-9.364657520606594066e-01
7.288295688499046854e-02
-3.571014309204447734e-01
9.507095452875127251e-01
-1.397066851121091524e-01
-3.641730166102323807e-01
-3.417425271085556826e-01
-1.366981785604504118e-02
1.150979589536436087e-01
-2.919490888196307754e-01
-3.622705053085111260e-01
3.329325394942157512e-01
8.261069233889857255e-01
7.636400229419131325e-01
-3.437050159460128818e-01
-4.507666955624027860e-01
8.671567343402064587e-02
-7.849750800636030590e-01
-9.816594208559967782e-01
4.218809418450966131e-01
3.877634049281075690e-02
5.498531598122911035e-01
-8.176888622114355520e-01
-9.342957434716414600e-01
-7.675214842402768856e-01
7.256781861030427994e-01
-5.041406480375845156e-01
7.539803584818505211e-01
4.456034343798367381e-01
2.252274506821119182e-01
8.732836338316321001e-01
3.657439088704506069e-02
-6.353617815789758261e-01
2.902866917180246809e-01
-4.739199294997664680e-01
3.979850559725639503e-01
-2.304016905611776522e-01
-5.531601222082092040e-01
-6.120947824201856680e-01
7.519796727440255513e-01
2.328769176538114660e-01
7.751735896562645944e-01
-8.448754997048881776e-01
-8.714581418244666811e-01
-6.284701425105287953e-03
-6.858099049365915523e-01
-4.483917383331241791e-01
3.114710047354909417e-01
7.831056284936765977e-01
8.572632444842438471e-01
-1.485342337221517983e-01
8.602977384583754272e-01
9.522234208447155623e-02
-5.340764155963892978e-01
8.206095556731263230e-01
3.962505230058308570e-01
2.246596938254330489e-02
2.081876628833474463e-01
3.256154790205376681e-01
-5.209268624664940006e-01
-9.178513484412618162e-01
-7.055072593423594718e-01
-8.033329224575942451e-01
-1.489294138472725404e-01
1.575039653791874272e-01
2.661665517910341006e-01
-6.992262294780187126e-01
5.849408916191387586e-01
-9.581467216890806604e-01
5.236366588776402153e-01
2.887029925175925715e-01
9.399972826847460272e-01
-9.216590565466784568e-01
2.667809149865671969e-01
7.448242639358837458e-01
1.279179050940617568e-01
-1.595901809074660171e-01
-7.669474351070326712e-01
-9.944846997924285947e-01
-3.603921808455723408e-01
2.565580174104624689e-01
6.747482755129141641e-01
4.929937870572056458e-01
-2.373099632480255572e-01
-4.071878940546813652e-01
-9.562897697835288646e-01
5.464169659910544929e-01
-1.621987896351160252e-01
9.719294145619181702e-01
-1.741204541694818531e-01
-7.743335000692541659e-01
-5.141244538024289934e-01
-7.541019369155679275e-01
-1.538898708897360468e-01
6.274224542889177414e-01
2.070417567597515607e-02
-8.688219410248185781e-01
-3.865509256113708325e-02
-9.130167847418402260e-01
-6.597888337877335641e-01
7.061877766143200841e-01
-4.993555671388545392e-01
-4.605662560523660076e-01
-8.231401482287252769e-01
-8.194391512764382934e-01
8.981538304038394482e-01
8.382841174832149633e-01
6.612782275648187991e-01
8.829555986886790109e-01
-1.733269434432709311e-01
-3.908350858748257384e-01
7.466162761495245270e-01
2.618076033354994614e-01
5.989639059140727806e-01
-6.440174204963262650e-01
-4.482667143711116520e-01
-1.979800548398673588e-01
-2.000367030098160193e-02
8.086831708448933842e-01
6.914655405011751466e-01
-7.011919415046463655e-02
3.449439100524474000e-01
-2.871818027019079622e-03
-1.311064586317487457e-01
3.407298165906238463e-01
-1.652939696517923274e-01
4.928386718555106683e-01
9.022231629391228580e-01
7.806786881739204986e-01
2.001160070119358814e-01
4.089033634330259126e-01
-7.758011902946693183e-01
9.743645781360690261e-01
-1.075472322908808120e-01
-1.979510453735291442e-01
6.469875806991440825e-01
6.587182405657083795e-01
1.896067059022312762e-01
-9.732368545221345979e-01
-7.455085543338986209e-01
-9.864504219355365588e-01
6.257877456834501917e-01
5.030447562392059702e-01
-3.029501025693437377e-02
-6.312695491321829167e-02
-3.766540157998237159e-01
1.672000730555762704e-01
8.990206450750579670e-01
1.566722143480039353e-01
4.008336070889224612e-01
9.334309830879812253e-01
2.407157934747303774e-01
4.672965501749859474e-01
-3.538074575239831265e-01
-3.370730253498082085e-01
-5.018678622366334885e-01
7.926070182971243216e-01
5.409888178195845221e-01
-3.977727642222037563e-01
-4.862907705114714041e-01
5.853406676485350957e-01
3.029371217888774392e-01
-8.830843284861948916e-01
4.638630114151853778e-01
4.103897282457502627e-01
-2.824996538103885513e-02
-7.266342903398181896e-02
4.942527036577857302e-01
-4.673984469202590031e-01
-9.977692337612262818e-01
9.774681883284950246e-01
-9.812479843913963773e-01
-9.649905928155333434e-02
