5.353001077968044807e-01
-5.265308774697883276e-01
-6.194703032674435672e-01
-7.638988763629885881e-01
-5.116667386310254084e-01
-3.179438105931211567e-01
-7.737304769687991524e-01
-6.516862404336447590e-01
-2.302602774981559186e-01
-3.010317376820603741e-02
-9.002455302445608876e-01
-5.501640336987443369e-01
9.843595820448656220e-01
-7.637439607755212023e-01
-6.382669912457861194e-01
1.942299315054671904e-01
7.864204815369504331e-01
-3.503980355295930327e-01
2.520831845547808481e-01
2.368200591602780403e-01
-4.192050871950339097e-01
1.126426479096904743e-01
-6.051320356250422527e-02
-7.877823014126825729e-01
-1.045996055857114637e-01
2.340451654346864530e-01
-5.469221388529610373e-02
-9.548140740186794595e-01
6.478342441739766144e-01
-2.309187872451681223e-01
8.820423771519481093e-03
-2.673568686782701320e-02
3.154996128671760935e-01
2.456065150248065709e-01
-6.205770360887372661e-01
-4.695668710582623362e-01
-3.723196478969443834e-01
5.431363584623483121e-01
4.402828935737144178e-01
5.630051651756700082e-01
6.379678516077056383e-01
-6.276778056529848104e-01
-9.836110945027760621e-01
5.584344314282512212e-01
-4.827109429725744416e-01
5.298121030401656828e-01
2.059245155926787696e-01
3.658634125971778062e-01
-1.533369274267444293e-01
-8.048039094464323195e-01
-2.631124939080395908e-01
3.930659714361188772e-01
6.264343326575505522e-01
-3.398351757810531559e-01
-3.999738874454590309e-01
9.346261500441686021e-01
-5.431077734440470373e-01
-1.594517593815178991e-01
-3.358393663951089181e-01
3.613147790415671690e-01
9.830804998327775657e-01
-9.481324101020949247e-01
-7.074092225685262303e-01
2.947211126572364392e-01
-7.231287204375425048e-01
5.309469759035989611e-02
-6.795597521970899724e-01
6.635376765416904910e-01
-8.995070135956007018e-01
-2.881772238574222822e-01
4.463393144040388449e-01
5.389693832397264295e-01
3.904951221840367026e-01
-6.620868504754939821e-01
-5.510466293557583217e-01
3.368437428230341979e-02
9.242088149324467761e-01
4.308472662316069624e-01
-1.271646826329069224e-01
-2.024925948470928105e-01
-6.604067148837604595e-01
6.030780269955930972e-01
-7.618647640998712500e-01
6.288956876119771167e-01
-9.662896453196623270e-01
-8.377644171452303112e-01
-9.611855547331378258e-01
1.676531492429136350e-01
-9.017353583662688354e-01
3.314424693079258688e-01
-8.322256156147544992e-01
-5.125822466167662128e-03
-6.364707220295813261e-01
-1.397034960982028728e-01
-6.614900277049629018e-02
2.700579686745940844e-01
-8.438736967919597820e-01
5.087638410213097817e-01
-2.016016136849683171e-01
1.437842810594920362e-01
2.542729332519741980e-01
4.780873293364007459e-02
5.360231393582370885e-01
3.081272189711459220e-02
-1.328029308776208506e-01
6.523096283137996831e-01
-6.252851618342012419e-01
5.400709877767879696e-01
-9.211872090845580896e-01
-6.793176735978927461e-01
9.497164351427000994e-03
-1.946942582098893926e-01
-2.608050428355226380e-01
4.143505211734077598e-02
-8.682188762361968681e-01
9.318317307088408441e-02
-4.705920655277888720e-01
7.230922396643986172e-01
5.622327754681293310e-01
2.548225402591690614e-01
-4.971529205891220826e-01
3.332324636834007592e-01
2.563909026189761242e-01
9.793533141683128385e-01
3.384842614217238310e-01
4.499448373763954567e-01
-5.749595810556689113e-01
-9.550392575113726412e-01
-1.581317657521013054e-01
-8.074722111639436317e-01
8.142498394972528253e-01
-4.577308994930699981e-01
-6.773642574847389408e-01
-2.498652221280275310e-01
-1.500952354848528181e-01
7.128641921918814628e-01
8.545942084349877899e-01
8.628468744174511151e-01
-9.950967455126842331e-01
-3.377679860025413205e-01
-4.620361520396329968e-01
1.199865559671007276e-01
2.184278088175277688e-01
9.916581143857980951e-01
-4.968125604127016093e-01
-2.064443409502771942e-01
-9.503725858367444435e-01
-9.144794612360813701e-01
6.316184728353406719e-01
-9.287950116324983352e-01
2.257642634871142029e-01
9.259794105894962879e-01
2.912698765714667459e-01
-6.782907905149198058e-01
1.661476024609040980e-01
-9.040517918523902630e-01
-4.361329573812298133e-01
-2.808463687216680160e-01
-1.801816843637211729e-01
5.679413928870564732e-01
-6.882570503459015665e-01
3.427825855685577849e-01
-1.928714459877600707e-01
-6.369100929961208912e-01
4.840121031980790800e-01
1.869707998232925661e-01
-5.149794637004614373e-01
4.715638583307744103e-01
7.857484230739253395e-01
2.943748801209760124e-01
-8.401619347410951288e-01
2.169874820516886071e-01
7.153922581762217625e-02
-9.130779671720965496e-01
2.820263879126438944e-02
1.239676496562025498e-02
3.859004686387317307e-01
9.423206305021873952e-01
-2.124549086938727349e-01
-6.986639068963305110e-01
3.711197428838048928e-01
-8.281956179781335692e-03
-2.268148649465482336e-01
-9.299504325241345626e-01
9.497398729585555532e-01
-6.669241444218310111e-01
-9.961002317675926587e-01
9.998935025934765353e-01
-9.779743414516159916e-01
5.552767272704302037e-01
5.972057847583212009e-01
-7.008784844424658100e-01
5.638404644933836529e-01
6.263821632490051972e-01
-9.711033872227292640e-01
9.919523471771136691e-01
-1.849941585199332827e-02
6.571597813757246165e-01
1.604151263334143707e-01
-7.586391197312836177e-01
-9.108446443606432741e-01
4.356172545900809379e-01
5.926576818001165758e-01
8.144078000980814469e-01
-8.399802728830116916e-01
-6.479183274182687136e-01
7.430254987878543993e-01
7.152469557846505843e-01
-1.658842438612151415e-01
-9.309463516341454081e-02
-6.545066439444182649e-01
9.609264621958302222e-01
3.679105806637601450e-01
9.914397739227014394e-01
-2.363996946164788060e-01
7.318803890239589105e-01
-4.031369402735023311e-01
2.376872165138514958e-01
2.778315964781397085e-01
4.276279370772841926e-01
-2.598663225060777737e-01
8.124193435449129641e-01
6.883468451687764222e-01
-4.620737345935503892e-01
-6.611395337705023856e-01
9.793706506657189337e-01
-5.355299954430483567e-01
9.717339039638466236e-01
-1.700130281197484994e-01
-8.951613587269722228e-01
-2.751709629907117538e-02
-3.824523568666129414e-01
5.164282321095610140e-01
7.277975536737351092e-01
-3.925980098226273807e-01
6.760804253632766159e-01
-5.308754204792716092e-01
4.432800874362980981e-01
-6.950122064224482088e-01
3.637916939050516163e-01
-1.931454486834394135e-01
2.891034786414126145e-02
-2.729654936799708054e-01
-2.120790890350165991e-01
9.464778763944143858e-01
-6.646266402252316574e-01
3.645949110612924926e-01
6.417865010501566658e-03
8.762601786301964513e-01
-1.001260798364547178e-01
-3.926019347146703087e-01
3.978456020513623237e-01
-8.151901090747781797e-01
1.792594876386515157e-01
8.778037468373713903e-01
7.625913508088126846e-01
7.475545152743630073e-01
-3.773072856148276255e-01
9.200057517426654119e-01
-8.656994766522294604e-01
9.841909909742607709e-01
-2.011636822694315985e-01
7.750308620188677278e-01
-7.937389339363838392e-01
7.115268930032450090e-01
