1.131485670864832843e-01
4.879370146338884995e-01
4.706370450868400113e-01
9.525316920677107113e-02
-8.414039761308977905e-01
2.421084077532014156e-01
-7.683746417397563366e-01
-6.401270709750539467e-01
1.366572379058705877e-01
-1.262364851298000690e-01
4.177497939639304159e-01
-3.863391526685720501e-01
6.646107216095090142e-02
9.094433501935694775e-01
-8.649294157720768261e-01
-4.808902769357540352e-01
-7.715404592310284304e-01
5.419497363746862417e-01
-4.975769457813851715e-01
-8.959876632278048758e-01
1.635908170709614029e-01
-3.640940332946542846e-01
-8.999844449667628865e-01
-6.746420679499128825e-01
4.819735202793142825e-01
9.327605683891685429e-01
-2.303956350828953448e-01
-2.319604885828188134e-01
2.409320007936366359e-01
3.986044276717153334e-01
-9.020247350441941148e-01
4.919963318042749334e-01
6.853536638768661371e-01
4.465589236532530037e-01
1.340413344307751498e-01
-6.918880402142573161e-01
1.449405566237190190e-01
-1.460777093779464797e-01
-1.062821206777254113e-01
-2.722260709326808081e-01
-5.202331299763003347e-01
1.576244824844171832e-01
-7.006032522801064477e-01
6.816210229826517863e-02
-7.293753114127069503e-01
2.067997835129317119e-01
-1.892803663791479130e-01
-4.710005281460961091e-01
-3.997358663033716009e-01
-3.440661073821027482e-02
7.512377503765368392e-01
3.696742579441545384e-01
7.008596297316135315e-01
-1.758937425612282501e-01
1.178543354500090345e-01
5.720059291301144988e-01
-3.065489716623528427e-01
-5.839196058831036540e-01
7.175364995808267699e-01
-5.675436454456368462e-01
1.470679807158267183e-01
-4.050705446836149748e-01
-9.837862002971026198e-02
-9.413603572877611292e-01
8.312383451400818801e-01
-3.814935570580235691e-01
-9.332215878181961966e-01
5.870795635228935883e-01
5.319636363827102699e-01
6.421814791102267161e-01
8.932925391140706939e-01
-6.043280287346615154e-01
-9.055407432631800146e-01
7.363402930524104439e-01
-1.693495924197107871e-01
-5.637959711860464074e-01
-2.453842568423372783e-01
3.151044957094686905e-01
-6.661345924430288612e-01
9.612400819023023679e-01
-4.434541908415665645e-01
2.296106655241355599e-01
8.961052736326285961e-02
-3.694491043774441597e-01
6.204070012487254981e-01
-8.243834941061845001e-01
5.171926362706289471e-01
-7.415004555006273756e-01
3.675021439365991349e-01
-8.570611165474283366e-01
-1.648873137550662116e-01
4.512031628744897493e-01
-9.842126249002926264e-02
-4.419753743267452739e-01
-4.231436868441042498e-01
-5.537166210368393848e-01
-2.752575695576932047e-01
-6.663480444294535010e-01
5.873277718928260338e-02
8.293437463074982974e-01
3.488933682978545003e-01
5.845176931052796787e-01
9.341889916418300022e-01
8.943380286447536465e-01
8.132083046843066043e-01
-5.480945058804500558e-01
-9.698363337098768744e-01
-8.489060961414282014e-01
-8.539645975739280637e-01
1.478267970106836304e-01
9.408159559608365585e-01
-1.897861831556622208e-03
-5.560427698592947943e-01
-1.119360113422975811e-01
6.461839146210491824e-01
5.691313605726037173e-01
3.412959655137962067e-01
-9.677598945250439622e-01
9.501356011061853901e-02
-5.698367994222602873e-01
-9.437168880760040679e-01
6.289942199309088711e-01
4.724295344586181833e-01
-7.289971872852250012e-01
-5.576022986610930099e-01
-9.440171326847666133e-01
-3.571374965380206268e-01
-3.014929934216173391e-02
1.245879374365853054e-01
-2.568864134518030751e-01
2.502098649390852581e-01
3.383079961902358823e-01
-5.777275205586188123e-02
1.586468762420465695e-01
1.532834201803116025e-01
6.787459490289752262e-01
1.458203798741594115e-01
-7.046168232521234087e-02
-4.823867924111842620e-01
8.128583345333066923e-01
-8.261022208500429231e-02
-6.200570966255056771e-01
-3.830146903626736599e-01
-6.004760495321842528e-01
6.950072241501367154e-01
4.323349826744751767e-01
7.137343508181035467e-01
1.849292340080466723e-01
1.478852571488137035e-01
-6.320689778034278561e-01
-3.064125699849599149e-01
-8.919890784475196233e-01
1.595276417669580504e-02
9.402267523118787995e-01
8.038892054163901402e-03
7.283671346351555664e-01
9.387213887374825649e-01
-7.737267538674659217e-01
2.216926198998004360e-01
4.308767443265945074e-01
8.759509323074272658e-01
1.534579279465946300e-01
1.180817479642891077e-01
-1.496161068099494118e-03
-1.188884695859487028e-01
-2.164102524255513416e-01
1.751704826251453406e-01
-4.153667136374921132e-01
-3.877103201472054117e-03
1.149473426345057475e-01
9.695907834336260356e-01
-8.170121059661485940e-01
3.200331665422864180e-01
-5.443995014671461075e-01
-1.693967487040771436e-01
9.499170457619923180e-01
6.687800729120776944e-02
-4.395311533974629592e-01
-8.284425547705484560e-02
1.288424388876375781e-01
6.210852668741964067e-01
2.380882449244780263e-01
3.595547371495959044e-01
3.275220627979010812e-01
-1.476014991762604200e-01
-1.582177388579053823e-01
7.812828889002515487e-01
-4.056655674158142211e-01
4.011831286107998829e-02
-1.945276982034758739e-01
4.427090357328282710e-01
3.033629985532020346e-01
9.247988990263235065e-01
-3.298564545223518774e-02
3.646538364571442759e-01
-5.743526455369052375e-01
7.459486522308900192e-01
6.368870344462657096e-01
-4.402584299200065776e-02
-6.724945154371086975e-01
-8.477367631647189095e-01
-7.721278775279901696e-01
-8.399506827939036135e-01
7.911314677827998576e-01
5.566779336542393430e-01
-8.867079224682336003e-01
2.517444619986714538e-01
7.863409455503290735e-01
-7.138079910991842469e-01
-8.097758397557341947e-01
4.793817777895524879e-01
-7.339339054043416688e-01
6.952458385513065053e-01
5.455914633395789748e-01
5.686443352620713654e-01
-6.358230797379486043e-01
-3.438140147780160971e-01
6.947741318223591422e-01
6.118642486041836470e-01
-3.742752943615811345e-01
-5.774460288614595704e-01
-6.682169790128531517e-01
-7.026890600837157885e-01
5.565276613820346885e-01
-3.286805325780089992e-01
1.854336183823489526e-01
-2.985574312782825479e-01
1.779174484976311921e-02
-5.892900030337686612e-01
8.794930547744264082e-01
2.478592808224958643e-01
-7.994404957738673323e-01
-4.296201621922353664e-01
1.523500908230319695e-01
6.478833147522947700e-01
-8.894348162475687047e-01
9.608768166369324737e-01
2.199919415534409284e-01
-1.936796867292628344e-02
-5.963066557009035762e-01
-5.374360382522769264e-01
2.203982346818449956e-01
-6.055188756531352245e-01
1.267085250123825280e-01
-6.732061926345450642e-01
-6.410974551238068919e-05
5.641404330697121772e-01
6.863411108703791896e-01
1.237228594581838009e-01
7.318109297208796882e-02
6.845691870317422989e-01
7.676597732159382570e-01
-6.870706751586623806e-01
6.489071816603448895e-01
2.575324857412591983e-01
8.819230851321998577e-01
-5.153371929028788268e-02
7.404588247914036803e-01
9.777605993629661096e-01
2.883620513474347558e-01
-3.999990492919526797e-01
-7.619416158784100279e-01
4.439476027198785424e-02
3.334253779686541241e-01
-8.633013915590705967e-01
