-3.786959390601591369e-01
6.118785930834994558e-01
1.184128171660139284e-01
-6.100889990945943531e-01
6.342406305834944469e-01
-8.241030737143100193e-01
1.343655937990003713e-01
-2.939351593602635981e-01
-1.908787434125701343e-01
4.618829331354866174e-01
8.831728816953772210e-01
-2.508721025078645139e-01
1.671518833611556065e-01
1.895086956822118196e-01
-3.660765578992430935e-01
6.758099843909998183e-01
-1.500538535830255871e-01
4.953572901732598566e-01
-5.249094909737714865e-01
-3.386268870335377157e-01
7.845824733580536448e-01
-2.321863312032287352e-01
-8.786632342293663189e-01
3.349279849059648706e-01
-7.805352651710209533e-02
6.102465257569326118e-01
-7.994500587099458988e-01
-9.241290647575929329e-01
-5.075400378812133795e-02
1.468176456329266522e-01
-5.640018065588572327e-01
5.570564175558196940e-01
-1.534439134175853980e-01
-1.565007786646679944e-01
-3.600453819654678145e-01
8.479161595496853554e-02
-4.090550595696631486e-01
-3.072580368511824145e-01
3.796817566723335591e-01
5.347790507215472999e-01
-9.727569611405870176e-02
-6.553252805705702677e-01
3.391961311946537494e-01
2.626789326116807377e-01
1.668260880349371478e-01
-4.367709632066260061e-01
1.640286148772348573e-01
-8.018077812247350611e-01
-3.088403571775489853e-01
-2.097410274771927818e-01
-1.605362701797803104e-01
-6.305095310903741090e-02
4.803004907716195149e-01
2.592349481801181077e-01
6.992385151552882316e-01
-7.888952042873855763e-01
2.901549633599639910e-01
2.294513642639056938e-01
1.629158363367840534e-01
-5.779588689743144769e-01
-3.150065296789834601e-01
-1.325699540152655287e-01
9.216997683884690096e-01
-2.020619956248028704e-01
4.723466235098555677e-01
-2.386621439160868663e-01
4.031423208653469037e-01
-6.565563364810179936e-02
4.397156376288080537e-01
9.287011441603520989e-01
-5.998343014890495928e-01
-3.452783581831127546e-01
4.756869503949003875e-01
-4.312307716216922104e-01
6.706086654252364498e-01
-3.214163555452614895e-01
-3.116290549945238131e-01
-4.939489465175870286e-01
-2.823986566449659397e-01
3.708528258067304573e-01
-3.062699946491224123e-01
-6.556318128743332529e-01
2.550450546781246608e-01
2.893913043611539559e-01
9.026931074252245724e-01
-1.537149268023726700e-01
2.969043636946185893e-01
-4.576255076309517777e-01
6.055248241118459385e-01
2.635227816084732555e-01
9.387896664879119557e-01
-5.574992957207469679e-02
-3.717835422021020797e-02
3.295357492555195389e-01
-2.221228683815883453e-01
5.672316059445555725e-01
-4.845072157516697731e-01
-8.225953198168102221e-01
-1.453588490846263459e-01
4.916228813842707934e-01
-1.263470692607209234e-01
-6.205795712020869548e-01
-1.740122662052256686e-01
6.407910394695319756e-01
-8.785767428937404366e-01
4.313581077046408918e-01
2.754979010323793664e-01
6.001264081651169757e-01
1.563565555331336565e-01
-1.325492540401240760e-02
-3.891740136352763724e-01
7.586857487337300698e-01
5.347759096163140491e-03
8.350475465821891041e-03
-2.010105567624407286e-01
-5.359456380575355894e-01
-5.633879379095925177e-01
-2.735092406945727195e-01
7.575578686973022391e-02
7.278685475087235401e-01
-4.236697429135893866e-01
-5.217754326403737375e-01
3.803871458893434143e-01
-5.455330531524352766e-01
3.002983134989282155e-01
5.735925940443671323e-01
2.413772636231516222e-01
7.083687968759996290e-01
7.354949030140283117e-01
4.367673119426406791e-01
3.300937416986688411e-01
7.075796929854833994e-01
-4.430790843195567263e-01
-3.374745351279179184e-01
-8.992268392364540786e-01
-3.371098462685920283e-02
-3.552334503547279754e-01
-2.355187548855444124e-01
-8.915731443469101514e-01
6.261644619150696922e-01
8.721298986037889778e-01
-1.172677536864809023e-01
-6.731688792884498174e-01
-2.585507877872502691e-01
6.733451680123792027e-02
7.205912490244869018e-01
3.919286032635131978e-01
4.100269438404096078e-01
4.782453352630890997e-01
-7.955392809383869945e-01
-2.733921461035079270e-01
9.306140124291746307e-01
8.836491336564327170e-01
-6.084865009760493937e-01
6.740371891248663205e-01
1.104889677243840601e-01
-1.250465823487459383e-01
-1.236539975196633001e-01
-6.738607026526510779e-01
5.481022721689107202e-01
-9.618371112681170509e-03
-8.691083695457426650e-01
1.397163351616540483e-01
3.061278357949268614e-01
-8.409899992709970462e-01
3.262462283282072661e-01
4.006673448422289896e-01
-8.988776773155282562e-01
4.464703593999852504e-01
-2.115471556489381677e-01
5.555708842930913161e-01
4.078705873742276555e-01
-7.717442993132278550e-01
2.587405233354034273e-02
3.084798748965670856e-01
2.609831242755192848e-01
-2.418674976172599522e-02
-3.013807289533942946e-01
-6.095905479602176102e-02
1.085636142383476777e-01
6.060628366153186786e-02
-5.600673609279880338e-01
-2.347354580039199279e-01
-6.187638105550761214e-01
6.621164105147439582e-02
-2.878892158885287267e-01
6.354183687770210698e-01
7.373801894749232311e-01
-2.040640063123379533e-01
3.957640340379863231e-01
-5.615690079884210206e-01
-6.593414829951256273e-01
2.372798166972355238e-01
-3.559993232814346320e-01
6.550193559672276566e-03
1.293193750567162015e-01
-8.284116512349721795e-01
7.180661613017252920e-02
3.476280361915740080e-01
-9.881014724361288082e-02
-6.145574039810162148e-01
7.741023491855840710e-01
1.865378141982020344e-01
8.288781292105436016e-01
-7.005312468368960488e-01
-1.973330049402112762e-01
9.922038096243300798e-01
8.168120180176229039e-02
-5.766707725565455300e-01
6.724727835364214812e-01
-4.625371630232962827e-01
-3.848086440594178370e-02
-4.385296946523736250e-01
-1.918157778430508997e-01
8.696172825928888406e-02
3.546955916495292960e-01
1.708316939591867367e-01
-6.279813604238071445e-01
2.951159783134757464e-01
-5.843660410702664620e-01
-7.375418400327105051e-02
2.498102783797942761e-01
7.716073873372183423e-01
5.073888173155663983e-01
-6.939295448455539139e-01
-6.274081316129040964e-01
-1.516476524271821447e-01
-5.920624514666248395e-01
4.950177172268527270e-01
-1.038724460484011791e-01
-9.590321711613707389e-01
9.187533457857928187e-01
-5.676348341668263631e-01
9.428339736326259990e-01
-2.982129105489153553e-01
-2.430236396707453062e-01
-6.931692395342666790e-01
7.473632697006761527e-02
9.261158859902298701e-01
9.662544928609331230e-01
3.997890359897926515e-01
2.784759664310063609e-01
5.983818184602704982e-01
-9.975442585675659002e-02
-5.861766701641801802e-02
-4.347064036154961730e-01
-7.957113103455454306e-02
9.720353200369065139e-01
8.224079964537454046e-01
8.858154187177401662e-01
-9.831110208689390895e-01
3.327952749205250749e-01
-2.544392303388224863e-01
-1.818673112282361837e-01
6.682831443072137501e-02
-1.114314593642988377e-01
2.480423479343946691e-01
-8.211411816534260888e-01
4.567101869265058900e-01
-1.434807270782215982e-01
3.410402961803283839e-01
-6.674323309106293678e-01
7.759386941707444585e-01
4.702800910910021059e-02
-6.012386677357036691e-01
