8.358984071104867963e-01
8.039820252054658001e-01
-8.601968454806546704e-01
-8.397418315080162898e-02
-5.495030851708845310e-01
5.361350816654038010e-01
-7.881328110365424244e-01
-9.433814956485507830e-01
-2.733276266267095078e-01
4.292229698823266659e-01
1.739186232127634124e-01
3.685504755572857616e-02
-2.963847485225211686e-01
8.058607054184495633e-01
4.233159763834209444e-01
-4.048366254985092949e-01
7.542883252620619094e-01
1.878917750607899118e-01
-6.054409936061511122e-01
-9.030414325190652125e-01
-9.596565070197238256e-01
-1.687372746360029652e-01
6.229617630305939180e-01
-7.404087708557565151e-01
-1.872438261550513350e-01
-8.347476990979537659e-01
4.974501721195033199e-01
-4.026954714603731000e-01
-3.634517972078769033e-01
-5.277684736707963786e-01
-2.672731832131294838e-02
-1.709272735483455818e-01
-1.680318471265134506e-01
6.196191382254769842e-01
2.909059843638173160e-01
5.617389297399065784e-01
5.039506988681425881e-01
5.340771187717208157e-01
-9.228690204295432187e-01
-3.965858434260685073e-01
1.493326706465516740e-01
9.216490062165365593e-01
-1.930550639059319673e-01
2.303897050153662640e-01
6.578753672438031330e-01
1.793026368167427442e-01
1.701797598468248462e-01
4.079239753050807882e-01
8.404329922337376857e-01
3.778374440497308528e-01
8.566250034654698808e-01
-6.890402924036065357e-02
4.433397468338629022e-01
-3.198795290375936462e-01
-1.704913968946777658e-01
-2.425793368424489227e-01
-3.857369331161492609e-01
2.461187654880178655e-01
6.479046776087717951e-01
-6.368504963712798839e-01
4.222482708351762426e-01
-2.492989479656555485e-01
4.150266226168874972e-05
8.198872902391340922e-02
4.410232132449716236e-01
-3.067466396099043369e-01
-6.149065190524636293e-01
4.106525287596350937e-01
1.704236308724046411e-01
3.984972176216153295e-01
5.334340947983374770e-01
-5.022620067395506815e-01
-3.810223341855467627e-02
1.541125298665004528e-01
-8.685388594691901831e-01
7.822284854737654447e-01
1.011079500033617573e-01
1.602699483142970283e-01
4.892119832833324855e-02
3.085227684191726993e-03
5.360517963226472116e-01
5.334934622522558012e-01
-5.400598466483138571e-01
-1.143882662332446343e-01
-8.533302341627315712e-01
7.228217736144577632e-01
-1.639168909242484928e-01
-1.104173768892238172e-01
-6.728174937979974901e-01
2.511656560326054333e-01
-2.470495858202641504e-01
-4.710015509075111684e-01
-1.532664752851860546e-01
3.928204871090135164e-01
-6.555450135541494028e-01
-4.962833221183343690e-01
-4.278466633115188267e-02
2.339901143116228655e-01
-6.086855101117296662e-01
6.493375999508914642e-01
4.899000183259146768e-01
-3.010853128201241291e-01
-5.698336021734223822e-01
6.645228997469607712e-01
-5.451533725896067217e-01
5.054472624784966950e-02
-5.037947534463904642e-01
-6.105504285756662153e-01
7.616905495547560134e-01
4.579319462756146208e-01
-9.316685171110598018e-01
5.292586885201749913e-01
5.705286113400109826e-01
-6.091197585150852634e-01
-4.397956209578980369e-01
-1.935826751232770926e-01
8.163591182900864496e-01
-1.390789793408417907e-01
4.799315156197752064e-01
6.566067403833337757e-01
-1.203339346883801064e-01
5.912001579252940814e-02
-9.888500405755236145e-01
-1.594815065557823597e-01
1.882939597431150247e-01
-3.109401496307047652e-01
-5.496373696835776812e-01
-7.965666570231274557e-01
1.981002624374295917e-01
3.702468385719578370e-01
-6.314932256308880554e-01
-4.445158655408261161e-01
8.528943038242009500e-01
-4.726630958243298597e-01
-3.361652114869492225e-01
3.313439689889265960e-01
4.242727532530753409e-01
-8.833442532166896344e-02
-7.011058662169161737e-02
-1.965233155002653609e-01
2.283766098264988775e-01
5.669109497466059411e-01
-8.051034699787159576e-01
-3.855541358534233520e-01
-2.900900483555259868e-01
-8.945639319992312322e-01
3.876871054993654697e-01
-2.382648098889894039e-01
-6.888870751356466204e-01
6.017482703915058018e-01
-3.885424457061434356e-01
-2.537429708678498597e-01
-1.087477718571963625e-01
-3.771496579675469585e-01
4.307276986371204042e-01
-3.107918084445542295e-01
-6.102096379360775202e-01
-9.071209157179067617e-01
7.737520362433008003e-01
-5.989962796015939617e-01
-6.159363261702475167e-01
-9.927054126674830226e-01
7.846333849401385674e-01
-3.782367439268555787e-01
-6.003995477797026137e-01
2.040074321077606778e-01
3.922072510179072657e-01
6.879593304191349290e-01
7.096923969373898355e-01
-5.594717345079969206e-01
-2.524715253278770333e-01
7.038016321225217808e-01
4.540238899786221416e-01
-3.237305683475580897e-01
-1.482658842145188061e-01
2.013033070181673434e-01
-8.443365040463352011e-02
8.085863712966678829e-01
8.323375239501884515e-01
-6.773491844620097013e-02
-7.903021090359163559e-01
3.932181286153102473e-02
1.574867404529588788e-01
-5.729215154790598952e-01
-3.625810665467710248e-02
1.013881548568946744e-01
4.925154837209151371e-01
-8.237267831273398233e-01
3.358406271945854060e-01
-4.378425928902862641e-01
7.108732611322563510e-01
-6.719248805688773363e-01
1.168531984193255380e-01
4.425073309385498810e-01
-2.037445806672573134e-01
-9.248831581511182676e-02
2.953620082410530756e-01
6.752370403108828301e-01
-6.430602977148642818e-01
4.491820276202636020e-01
3.738752729209282033e-01
9.143166585550201175e-02
1.385071873506127371e-02
8.464152268753251107e-01
6.507517561160104658e-02
4.400754913803664459e-01
-1.662640713803668069e-01
3.475939617081384991e-01
-3.965133983549252727e-01
-1.623229777731870216e-01
-8.874474862449863721e-01
-7.677003857594928427e-01
-3.255379257633814749e-01
9.234624466489869121e-01
3.440378821012670674e-01
-5.943537257024259501e-01
-2.523681289552974771e-01
7.822201516510471908e-01
4.789230203473372471e-01
2.132784493986992214e-01
-3.944591241263488146e-01
2.545959858678139565e-01
6.444058724468177957e-01
3.699456198927925099e-01
-6.760814719406252893e-01
4.522430873400680174e-01
-4.098652907515126231e-01
7.377538302947048710e-01
1.443477941274579068e-01
-6.355653264599417929e-01
-1.792080491699157563e-01
3.446172064213179898e-01
8.521319685393771159e-01
4.062804077671142711e-01
-4.147011992368366262e-01
-8.908390499242994087e-01
-2.576413197212758521e-01
1.614300743140925920e-01
-4.104528699816198944e-01
3.891700517309348850e-01
-2.650478799259344820e-01
-6.214547780680390598e-01
8.236755428496589371e-02
5.364294968369498484e-01
7.311826275389451402e-01
-8.570394494232395077e-01
-7.892318852465410872e-01
4.198337254114528627e-01
1.276621368673759305e-01
6.381756635010953083e-02
-5.991472311167143072e-01
2.480442537045045026e-01
2.777596059065445822e-01
4.944008237309872600e-01
7.759726133038900020e-01
5.038049321332460639e-01
-2.536288448334755308e-01
-9.422895279882724795e-01
5.979484615395086466e-01
-1.759075685089987462e-01
-7.324031174325719429e-02
-3.038814795764993582e-01
3.541375315574594174e-01
-6.054392632657692452e-01
-5.253374514644435500e-01
