1.445266491153079369e-01
6.419617141428605178e-01
2.920302585603856693e-01
-1.706694494879469337e-01
2.113916999535525032e-01
9.882817702366128998e-01
-5.470583972587041988e-01
-8.867857546172469574e-02
7.800660216568424676e-01
-9.415028718930493756e-01
-4.689877459892056732e-01
9.839593164942244119e-01
-8.548531560537389051e-01
5.967763749511353355e-01
-3.749413887578188498e-01
3.669193447948440601e-01
5.692190227617379694e-01
1.563440702958503459e-01
-6.820118840820685313e-02
-4.928484728462878550e-01
3.407348842104205300e-01
3.637382756023982422e-01
1.491924245233289259e-01
5.024275605826911129e-01
1.664417237706636854e-01
-3.422226131611427746e-02
-2.291030955713716788e-01
-1.779582046945165086e-01
4.889390959949748705e-01
-3.102194483668907488e-01
-6.787925991036050655e-02
7.808530934834654325e-01
-7.013579298230001591e-01
1.312401441004060199e-01
-2.966309874129113844e-01
4.522779618166049009e-01
1.554928737563517072e-01
5.229019060523623086e-01
-4.137319660510975772e-01
-8.949717677298888452e-01
5.669064537360138378e-02
8.476471781183769760e-01
4.456430992141532377e-01
-8.255434640885550568e-01
4.416485865005655431e-01
2.465953385146764099e-01
6.717681600323417435e-01
5.109056302586370002e-01
-1.396959948375481875e-01
-7.703579164537266433e-01
-5.241748004200635913e-02
-5.606527217268499896e-01
6.681764976331470152e-01
9.151784407208178873e-01
2.767858828538904414e-01
-4.943395296876902378e-01
-8.484284264400416831e-01
-9.750081961744846426e-01
3.116203657016045070e-01
8.543822126972197006e-01
-3.191475448355982070e-01
1.341491751242128716e-01
8.488221949457973592e-01
-6.986592851240938096e-01
2.769859530148660043e-01
5.810119948461076600e-01
-2.777545559131303632e-01
-2.817918580554142904e-01
-1.129639377977905701e-01
7.431629829246577668e-01
-6.154315999704462747e-01
8.352046303589011345e-02
2.100441114940936327e-01
5.672553690624757561e-01
-2.380160297781845347e-01
-2.827987491783158225e-01
4.867300572327228347e-01
-5.871313821189525495e-01
-9.402404758720517286e-01
8.334813138580223768e-01
-6.329953543742387057e-01
7.806200677310305425e-01
-5.959543914242383389e-01
1.756376467842060141e-01
-3.706608577856775888e-01
3.677472831686817711e-02
3.780618251362460880e-01
-3.877756217362584024e-01
6.506317175711880951e-01
5.354016462867677850e-01
2.142079304363792014e-01
4.905828813076198447e-01
1.629167710856033180e-02
9.598698426766031355e-01
9.119858685657704633e-01
1.960291708488655915e-01
8.118153769464846459e-01
2.026979414430891691e-01
9.514081896612267553e-01
-1.930976787186684529e-01
-6.988682441170803727e-01
-5.954554456159567577e-01
2.356234452360699283e-01
-5.110028732236753246e-01
6.174926811924601466e-01
4.489263719336372693e-01
-2.583966832238151490e-01
3.488945108633705328e-01
2.843271710577093270e-01
7.275910597024159987e-01
3.237090403457753007e-01
7.890702554405784053e-01
9.247956563147485820e-02
-1.774218747904391380e-01
-5.733341658920643180e-01
1.053973355642217058e-01
7.815461957175793284e-01
-3.193231763748658469e-01
5.350308699554127134e-01
-5.442956878195615023e-02
5.142095798037181753e-01
3.715277602336503060e-01
5.111708526935424546e-01
4.891410556953378341e-01
-3.150438743889465432e-01
3.756725459730703154e-01
-5.399177677192825708e-01
7.610402776692551940e-01
-5.314593591173908393e-01
-6.993276803115588969e-02
-9.934354937802344909e-02
-7.320277233526462091e-03
-2.556489820889628062e-01
-1.158739257072588236e-01
2.894206816508992919e-02
-7.736474144334439806e-01
2.475401000006522412e-01
3.710101448116471246e-01
1.403328624372099931e-01
-1.223877728197917403e-01
-4.070854628895906324e-01
-2.549615940198595165e-01
-3.390014348175504622e-01
-6.127310624582724685e-01
2.971434133400847610e-01
-1.599365368588722136e-01
2.632222228795833008e-02
6.205861637007632492e-01
2.566662535558316693e-01
8.225000222511190673e-01
-3.764764167338351397e-01
4.705582287930517027e-01
2.496742303063264057e-01
2.324575169333308322e-01
-3.751420981759414075e-01
-2.519873449710329782e-01
7.420884233483659997e-01
5.984923875691590123e-01
-5.437886780557144029e-02
-9.257479409418825633e-02
8.691655453709347112e-01
8.360829838862494645e-01
2.687904507029107992e-01
-5.748869055136835993e-01
5.184659303322198820e-01
-4.304266384955712788e-01
-7.151050148459536793e-01
7.264183948242242117e-01
-9.675929222604223723e-01
8.882332651504620813e-03
-2.889083370153217034e-01
-3.643851782031292119e-01
5.005113519625264962e-02
-6.932881949037681402e-01
2.629772477238284667e-01
-2.637311765595942159e-01
-3.787417667833459789e-01
-2.731906376999210240e-01
4.752257056089419923e-02
-3.170778852197323472e-01
5.806966350008977429e-01
-4.392154791711653239e-01
-8.020273424596930933e-01
-9.597617633841845630e-02
-7.300432650139550006e-01
-1.732600084816067476e-01
6.175476106158817036e-02
-3.061940032216098340e-02
1.041498623607406970e-01
3.404888859997593498e-01
-5.289572038309062751e-01
3.799946946448740093e-02
-1.358418911142860175e-01
2.637201146348409075e-01
-2.231034947400191704e-01
8.065379164411530244e-01
-6.249996951935818945e-01
8.756831801541359317e-01
5.162675849016655771e-01
-5.278022037500694486e-02
-4.681707065655382194e-01
3.446695627779664539e-01
3.358181205208974895e-01
-5.620545792042364042e-01
-1.830290582196637816e-02
-6.482434338933031892e-01
-2.329992884518506946e-01
5.264400738835364191e-01
-3.811389695815626255e-01
9.606287023287182203e-01
-2.522292943590215275e-02
-8.966234151273336228e-02
-2.051004671962726733e-01
6.868164751205485530e-01
-2.701695571893140135e-01
-7.472310707835503329e-01
-4.664523711665616301e-01
3.772761051195302473e-01
-1.995769648147471820e-01
-6.177870280788669843e-01
-2.031641384757368329e-01
7.373471381037142169e-01
9.642719585429986306e-01
-1.675517438900174516e-01
-2.188439252365519117e-01
-1.090667052256607539e-01
1.718165504599705740e-01
7.000343519096732248e-01
-2.053424621739509126e-01
-2.516037980837727006e-01
3.141323415850413858e-01
2.814946003243954942e-01
-9.334580616554375432e-01
-1.834733795844197546e-01
-9.360858721249771808e-01
-8.421240872592382631e-01
-7.313839655273970397e-01
1.711961404344115589e-01
-5.656377430879011570e-02
8.709640001715677204e-01
-6.455448878118603684e-01
1.389977627498607538e-01
8.094349019283246793e-01
-7.962872840011925302e-02
9.537647734216484485e-01
2.008357775565662862e-01
-2.507136945217591228e-01
-3.313545518065147966e-01
8.926699326116180888e-01
-9.520858084391206622e-02
-8.565425236569274015e-02
-8.648736600260635843e-01
1.440216476232313303e-01
6.700656650281469062e-01
-9.523380317708973752e-02
-5.883515579292484254e-01
-7.485612817426805510e-01
5.337377618258886125e-01
-6.119087723133294077e-01
-3.197399573780683735e-01
-4.539225344266378803e-01
4.624956431460079953e-01
4.385740570491469814e-02
7.042194228629196084e-01
3.009950794357377779e-01
